#       x [cm]         y [cm]         z [cm]     ExRe [V/m]     EyRe [V/m]     EzRe [V/m]     ExIm [V/m]     EyIm [V/m]     EzIm [V/m]  
#------------------------------------------------------------------------------------------------------------------------------------------
            0         6.6125         13.225      -0.958324   -0.000413451    8.64804e-05      0.0383506    0.000106118    3.91031e-05
            0        5.83456         13.225      -0.798559    6.10086e-05   -0.000515348      0.0746952   -0.000267221    0.000233028
            0        5.05662         13.225      -0.693828    -3.2509e-05    8.37264e-06       0.148915    4.98627e-05    3.54209e-05
            0        4.27868         13.225      -0.665435    0.000615062     0.00052335       0.235483    -7.9853e-05   -4.59603e-05
            0        3.50073         13.225      -0.696114    1.65631e-06   -1.54974e-05       0.313677   -5.84926e-06   -5.35565e-05
            0        2.72279         13.225      -0.758693    -0.00101281      0.0008134       0.373662    0.000254455   -0.000240982
            0        1.94485         13.225      -0.813662   -2.80779e-06    0.000159746       0.414187    1.62078e-05   -5.67276e-05
            0        1.16691         13.225       -0.84802    9.90867e-05   -0.000591675       0.438153    -8.3405e-05    0.000407119
            0       0.388971         13.225      -0.860667    0.000134263    0.000306776        0.44781   -4.15773e-05    -1.6879e-05
            0      -0.388971         13.225      -0.860667   -0.000134263    0.000306776        0.44781    4.15773e-05    -1.6879e-05
            0       -1.16691         13.225       -0.84802   -9.90867e-05   -0.000591675       0.438153     8.3405e-05    0.000407119
            0       -1.94485         13.225      -0.813662    2.80779e-06    0.000159746       0.414187   -1.62078e-05   -5.67276e-05
            0       -2.72279         13.225      -0.758693     0.00101281      0.0008134       0.373662   -0.000254455   -0.000240982
            0       -3.50073         13.225      -0.696114   -1.65631e-06   -1.54974e-05       0.313677    5.84926e-06   -5.35565e-05
            0       -4.27868         13.225      -0.665435   -0.000615062     0.00052335       0.235483     7.9853e-05   -4.59603e-05
            0       -5.05662         13.225      -0.693828     3.2509e-05    8.37264e-06       0.148915   -4.98627e-05    3.54209e-05
            0       -5.83456         13.225      -0.798559   -6.10086e-05   -0.000515348      0.0746952    0.000267221    0.000233028
            0        -6.6125         13.225      -0.958324    0.000413451    8.64804e-05      0.0383506   -0.000106118    3.91031e-05
            0         6.6125        12.4471      -0.278347   -0.000350825   -0.000676311      -0.957523   -0.000880314    -0.00122493
            0        5.83456        12.4471      -0.232187   -9.97072e-05   -9.21091e-05      -0.779624   -0.000447461   -0.000336486
            0        5.05662        12.4471      -0.261214    -2.5225e-05    7.37434e-06      -0.641251   -8.30389e-05   -6.31873e-05
            0        4.27868        12.4471      -0.348504    2.34846e-05    -3.7921e-05      -0.577259     4.5102e-06   -9.34361e-05
            0        3.50073        12.4471      -0.459593    0.000278372   -0.000230345      -0.580976     0.00040224   -0.000317724
            0        2.72279        12.4471      -0.558407    1.30845e-05   -4.22661e-05      -0.621277   -1.73846e-05   -0.000117304
            0        1.94485        12.4471      -0.622034   -6.21816e-05   -4.86675e-05      -0.662085   -9.83433e-05   -0.000167037
            0        1.16691        12.4471      -0.654021    0.000144181   -0.000186447      -0.692087    0.000179023    0.000179568
            0       0.388971        12.4471      -0.657786   -1.07395e-05    9.68253e-06      -0.696724   -6.62742e-05    0.000109832
            0      -0.388971        12.4471      -0.657786    1.07395e-05    9.68253e-06      -0.696724    6.62742e-05    0.000109832
            0       -1.16691        12.4471      -0.654021   -0.000144181   -0.000186447      -0.692087   -0.000179023    0.000179568
            0       -1.94485        12.4471      -0.622034    6.21816e-05   -4.86675e-05      -0.662085    9.83433e-05   -0.000167037
            0       -2.72279        12.4471      -0.558407   -1.30845e-05   -4.22661e-05      -0.621277    1.73846e-05   -0.000117304
            0       -3.50073        12.4471      -0.459593   -0.000278372   -0.000230345      -0.580976    -0.00040224   -0.000317724
            0       -4.27868        12.4471      -0.348504   -2.34846e-05    -3.7921e-05      -0.577259    -4.5102e-06   -9.34361e-05
            0       -5.05662        12.4471      -0.261214     2.5225e-05    7.37434e-06      -0.641251    8.30389e-05   -6.31873e-05
            0       -5.83456        12.4471      -0.232187    9.97072e-05   -9.21091e-05      -0.779624    0.000447461   -0.000336486
            0        -6.6125        12.4471      -0.278347    0.000350825   -0.000676311      -0.957523    0.000880314    -0.00122493
            0         6.6125        11.6691       0.871246    6.64628e-05      6.778e-05      -0.551763    4.57233e-05    6.60214e-06
            0        5.83456        11.6691       0.742752    0.000148776   -0.000361953      -0.430005   -0.000129438     0.00016032
            0        5.05662        11.6691       0.598099   -5.44853e-05    6.27293e-05      -0.395324    4.65795e-05   -7.44638e-05
            0        4.27868        11.6691       0.486504   -7.61101e-05    0.000270699      -0.456527    6.64681e-05   -0.000242609
            0        3.50073        11.6691       0.424151   -0.000127936    0.000210943       -0.57098    0.000145412    -0.00019148
            0        2.72279        11.6691       0.409439   -3.17626e-05    1.10314e-05      -0.686627   -1.46219e-05    2.58203e-05
            0        1.94485        11.6691        0.42755   -0.000108784      6.562e-06      -0.768892    0.000189955   -3.74548e-05
            0        1.16691        11.6691       0.455359     3.5414e-05    0.000106036       -0.80726   -4.43538e-05   -8.41099e-05
            0       0.388971        11.6691       0.476598   -1.31724e-05    5.44115e-05      -0.821975    0.000171859   -0.000315247
            0      -0.388971        11.6691       0.476598    1.31724e-05    5.44115e-05      -0.821975   -0.000171859   -0.000315247
            0       -1.16691        11.6691       0.455359    -3.5414e-05    0.000106036       -0.80726    4.43538e-05   -8.41099e-05
            0       -1.94485        11.6691        0.42755    0.000108784      6.562e-06      -0.768892   -0.000189955   -3.74548e-05
            0       -2.72279        11.6691       0.409439    3.17626e-05    1.10314e-05      -0.686627    1.46219e-05    2.58203e-05
            0       -3.50073        11.6691       0.424151    0.000127936    0.000210943       -0.57098   -0.000145412    -0.00019148
            0       -4.27868        11.6691       0.486504    7.61101e-05    0.000270699      -0.456527   -6.64681e-05   -0.000242609
            0       -5.05662        11.6691       0.598099    5.44853e-05    6.27293e-05      -0.395324   -4.65795e-05   -7.44638e-05
            0       -5.83456        11.6691       0.742752   -0.000148776   -0.000361953      -0.430005    0.000129438     0.00016032
            0        -6.6125        11.6691       0.871246   -6.64628e-05      6.778e-05      -0.551763   -4.57233e-05    6.60214e-06
            0         6.6125        10.8912        0.78852    0.000133478    0.000856101       0.705494    0.000246235    0.000219742
            0        5.83456        10.8912       0.619479   -0.000193479    0.000161138       0.642923   -0.000221291    0.000110367
            0        5.05662        10.8912       0.523505    3.14339e-05   -0.000591579       0.519606    1.38913e-06   -0.000367389
            0        4.27868        10.8912       0.531501   -2.70877e-05    0.000167363       0.381425   -1.90388e-05    5.07842e-05
            0        3.50073        10.8912       0.615729    0.000125944   -0.000396672       0.271135    8.09719e-05   -0.000307831
            0        2.72279        10.8912       0.724041   -5.12299e-05    0.000106067       0.209856     -1.125e-05    1.16769e-05
            0        1.94485        10.8912       0.821106   -0.000250764   -0.000209961       0.197945   -8.09215e-06   -0.000179332
            0        1.16691        10.8912       0.884877    1.37286e-05   -7.05117e-05         0.2138    1.63933e-05   -0.000168169
            0       0.388971        10.8912       0.910341   -0.000130499   -0.000160869       0.228977   -2.41674e-05   -4.17928e-05
            0      -0.388971        10.8912       0.910341    0.000130499   -0.000160869       0.228977    2.41674e-05   -4.17928e-05
            0       -1.16691        10.8912       0.884877   -1.37286e-05   -7.05117e-05         0.2138   -1.63933e-05   -0.000168169
            0       -1.94485        10.8912       0.821106    0.000250764   -0.000209961       0.197945    8.09215e-06   -0.000179332
            0       -2.72279        10.8912       0.724041    5.12299e-05    0.000106067       0.209856      1.125e-05    1.16769e-05
            0       -3.50073        10.8912       0.615729   -0.000125944   -0.000396672       0.271135   -8.09719e-05   -0.000307831
            0       -4.27868        10.8912       0.531501    2.70877e-05    0.000167363       0.381425    1.90388e-05    5.07842e-05
            0       -5.05662        10.8912       0.523505   -3.14339e-05   -0.000591579       0.519606   -1.38913e-06   -0.000367389
            0       -5.83456        10.8912       0.619479    0.000193479    0.000161138       0.642923    0.000221291    0.000110367
            0        -6.6125        10.8912        0.78852   -0.000133478    0.000856101       0.705494   -0.000246235    0.000219742
            0         6.6125        10.1132      -0.470072    -0.00035051     0.00012224       0.999641    0.000392927     2.3541e-05
            0        5.83456        10.1132      -0.504055    3.51743e-05   -3.25817e-05       0.814904   -0.000133984    0.000228712
            0        5.05662        10.1132      -0.430792   -8.47399e-05    1.08683e-05       0.665668    8.81832e-05   -0.000169572
            0        4.27868        10.1132      -0.280888   -4.59493e-05   -1.44243e-05       0.608369     9.8462e-05    1.88278e-05
            0        3.50073        10.1132      -0.122568    0.000173226    0.000236493       0.644761    -0.00038448   -9.52656e-05
            0        2.72279        10.1132    -0.00762288    2.64972e-05   -3.86876e-05       0.731689    -0.00036332     8.4197e-05
            0        1.94485        10.1132       0.045485   -1.57319e-05    2.37354e-06       0.824767   -2.12557e-05   -6.17253e-05
            0        1.16691        10.1132      0.0545142    1.90863e-05    5.81615e-05       0.899963   -0.000240325    2.78347e-05
            0       0.388971        10.1132      0.0484535   -6.28512e-06    0.000158583       0.940825    0.000148585    0.000205743
            0      -0.388971        10.1132      0.0484535    6.28512e-06    0.000158583       0.940825   -0.000148585    0.000205743
            0       -1.16691        10.1132      0.0545142   -1.90863e-05    5.81615e-05       0.899963    0.000240325    2.78347e-05
            0       -1.94485        10.1132       0.045485    1.57319e-05    2.37354e-06       0.824767    2.12557e-05   -6.17253e-05
            0       -2.72279        10.1132    -0.00762288   -2.64972e-05   -3.86876e-05       0.731689     0.00036332     8.4197e-05
            0       -3.50073        10.1132      -0.122568   -0.000173226    0.000236493       0.644761     0.00038448   -9.52656e-05
            0       -4.27868        10.1132      -0.280888    4.59493e-05   -1.44243e-05       0.608369    -9.8462e-05    1.88278e-05
            0       -5.05662        10.1132      -0.430792    8.47399e-05    1.08683e-05       0.665668   -8.81832e-05   -0.000169572
            0       -5.83456        10.1132      -0.504055   -3.51743e-05   -3.25817e-05       0.814904    0.000133984    0.000228712
            0        -6.6125        10.1132      -0.470072     0.00035051     0.00012224       0.999641   -0.000392927     2.3541e-05
            0         6.6125        9.33529       -1.11092    1.05304e-06    7.99801e-06      -0.140423    -1.7773e-05    5.77718e-07
            0        5.83456        9.33529      -0.989836     0.00055967    0.000211743      -0.263218     0.00024296    0.000258115
            0        5.05662        9.33529      -0.807371   -0.000457608   -0.000121856      -0.268443    1.04409e-05   -0.000207184
            0        4.27868        9.33529      -0.670639    0.000349116    -0.00078259      -0.153696   -4.96012e-05    0.000122225
            0        3.50073        9.33529      -0.615158    0.000121794   -0.000216499      0.0202938    1.95281e-05   -9.83656e-05
            0        2.72279        9.33529      -0.648811    9.23557e-05    7.15426e-05       0.174016   -6.70135e-05   -6.85864e-05
            0        1.94485        9.33529      -0.733249   -6.05476e-05   -0.000326744       0.267396    3.06044e-05     4.3367e-05
            0        1.16691        9.33529      -0.815597    2.12962e-05    8.21238e-05        0.30407    2.95723e-05    1.87344e-05
            0       0.388971        9.33529      -0.865028    5.93888e-05   -2.81706e-05       0.311589   -1.06021e-06    6.81624e-06
            0      -0.388971        9.33529      -0.865028   -5.93888e-05   -2.81706e-05       0.311589    1.06021e-06    6.81624e-06
            0       -1.16691        9.33529      -0.815597   -2.12962e-05    8.21238e-05        0.30407   -2.95723e-05    1.87344e-05
            0       -1.94485        9.33529      -0.733249    6.05476e-05   -0.000326744       0.267396   -3.06044e-05     4.3367e-05
            0       -2.72279        9.33529      -0.648811   -9.23557e-05    7.15426e-05       0.174016    6.70135e-05   -6.85864e-05
            0       -3.50073        9.33529      -0.615158   -0.000121794   -0.000216499      0.0202938   -1.95281e-05   -9.83656e-05
            0       -4.27868        9.33529      -0.670639   -0.000349116    -0.00078259      -0.153696    4.96012e-05    0.000122225
            0       -5.05662        9.33529      -0.807371    0.000457608   -0.000121856      -0.268443   -1.04409e-05   -0.000207184
            0       -5.83456        9.33529      -0.989836    -0.00055967    0.000211743      -0.263218    -0.00024296    0.000258115
            0        -6.6125        9.33529       -1.11092   -1.05304e-06    7.99801e-06      -0.140423     1.7773e-05    5.77718e-07
            0         6.6125        8.55735      -0.208944   -0.000192595    0.000102539       -1.10624   -0.000463744    0.000394742
            0        5.83456        8.55735      -0.044102   -7.32853e-05   -5.03294e-05       -1.06598   -0.000146841   -0.000177967
            0        5.05662        8.55735      0.0573088   -9.08637e-05   -0.000287961      -0.918081    0.000165985     0.00056056
            0        4.27868        8.55735      0.0263888    3.30002e-05   -4.95835e-05      -0.723405    5.59938e-05   -8.37259e-05
            0        3.50073        8.55735      -0.113388    3.96282e-05   -4.52172e-05      -0.585632    0.000107087   -0.000149444
            0        2.72279        8.55735      -0.288541    -1.3322e-06   -3.86112e-05      -0.554018   -5.22567e-05   -4.71607e-05
            0        1.94485        8.55735      -0.432225    5.79594e-05    7.27939e-05      -0.606685    4.45375e-05    9.50084e-05
            0        1.16691        8.55735      -0.520343   -0.000129812    0.000204263      -0.687333   -0.000107039    0.000779158
            0       0.388971        8.55735      -0.556109    9.36625e-05   -0.000202097      -0.737494    0.000140258   -0.000194707
            0      -0.388971        8.55735      -0.556109   -9.36625e-05   -0.000202097      -0.737494   -0.000140258   -0.000194707
            0       -1.16691        8.55735      -0.520343    0.000129812    0.000204263      -0.687333    0.000107039    0.000779158
            0       -1.94485        8.55735      -0.432225   -5.79594e-05    7.27939e-05      -0.606685   -4.45375e-05    9.50084e-05
            0       -2.72279        8.55735      -0.288541     1.3322e-06   -3.86112e-05      -0.554018    5.22567e-05   -4.71607e-05
            0       -3.50073        8.55735      -0.113388   -3.96282e-05   -4.52172e-05      -0.585632   -0.000107087   -0.000149444
            0       -4.27868        8.55735      0.0263888   -3.30002e-05   -4.95835e-05      -0.723405   -5.59938e-05   -8.37259e-05
            0       -5.05662        8.55735      0.0573088    9.08637e-05   -0.000287961      -0.918081   -0.000165985     0.00056056
            0       -5.83456        8.55735      -0.044102    7.32853e-05   -5.03294e-05       -1.06598    0.000146841   -0.000177967
            0        -6.6125        8.55735      -0.208944    0.000192595    0.000102539       -1.10624    0.000463744    0.000394742
            0         6.6125        7.77941       0.965946    0.000836044   -0.000261292      -0.538161   -0.000152433    -7.3106e-05
            0        5.83456        7.77941          1.033   -0.000113902   -0.000107453      -0.400253   -1.62103e-05   -3.50453e-05
            0        5.05662        7.77941       0.965707   -3.96518e-05   -4.46636e-05      -0.231428    1.78347e-05    -2.6755e-05
            0        4.27868        7.77941       0.771312    7.35285e-05     0.00015759       -0.14855   -0.000130107   -0.000198772
            0        3.50073        7.77941       0.561652   -0.000307062    0.000200525      -0.214226    0.000292546   -0.000232168
            0        2.72279        7.77941       0.437375    7.31711e-05   -6.39018e-05      -0.382151    2.25195e-05   -2.66684e-05
            0        1.94485        7.77941        0.42246   -6.39077e-05   -6.77277e-05      -0.562664    3.91592e-05    4.26552e-05
            0        1.16691        7.77941        0.46826    4.29372e-05   -0.000100287      -0.691303    6.17073e-05     4.9881e-05
            0       0.388971        7.77941       0.511739   -0.000203136    0.000294451      -0.751434    0.000271657   -0.000388808
            0      -0.388971        7.77941       0.511739    0.000203136    0.000294451      -0.751434   -0.000271657   -0.000388808
            0       -1.16691        7.77941        0.46826   -4.29372e-05   -0.000100287      -0.691303   -6.17073e-05     4.9881e-05
            0       -1.94485        7.77941        0.42246    6.39077e-05   -6.77277e-05      -0.562664   -3.91592e-05    4.26552e-05
            0       -2.72279        7.77941       0.437375   -7.31711e-05   -6.39018e-05      -0.382151   -2.25195e-05   -2.66684e-05
            0       -3.50073        7.77941       0.561652    0.000307062    0.000200525      -0.214226   -0.000292546   -0.000232168
            0       -4.27868        7.77941       0.771312   -7.35285e-05     0.00015759       -0.14855    0.000130107   -0.000198772
            0       -5.05662        7.77941       0.965707    3.96518e-05   -4.46636e-05      -0.231428   -1.78347e-05    -2.6755e-05
            0       -5.83456        7.77941          1.033    0.000113902   -0.000107453      -0.400253    1.62103e-05   -3.50453e-05
            0        -6.6125        7.77941       0.965946   -0.000836044   -0.000261292      -0.538161    0.000152433    -7.3106e-05
            0         6.6125        7.00147       0.758292   -4.13012e-06    1.80207e-06       0.714934    6.92499e-06    2.81203e-06
            0        5.83456        7.00147       0.721018    4.47815e-05   -4.47026e-05       0.835887    3.86345e-05   -7.53935e-05
            0        5.05662        7.00147       0.554179   -2.47575e-05    0.000267948       0.889366   -5.81627e-05    0.000326607
            0        4.27868        7.00147       0.364226    0.000158168    0.000240213       0.779134    0.000224523    0.000476267
            0        3.50073        7.00147       0.296062    0.000224323    0.000119925       0.551012    0.000298932   -8.49607e-05
            0        2.72279        7.00147       0.394634    5.71506e-06     0.00132971       0.330428   -8.75007e-06     0.00111717
            0        1.94485        7.00147       0.584395   -0.000233153   -0.000240653       0.218398   -0.000195388   -0.000213911
            0        1.16691        7.00147        0.76035   -8.47329e-06    0.000205066       0.215483   -1.10456e-06     0.00015139
            0       0.388971        7.00147       0.854412    2.09562e-05   -7.83171e-05       0.244725     4.1373e-05   -1.39685e-05
            0      -0.388971        7.00147       0.854412   -2.09562e-05   -7.83171e-05       0.244725    -4.1373e-05   -1.39685e-05
            0       -1.16691        7.00147        0.76035    8.47329e-06    0.000205066       0.215483    1.10456e-06     0.00015139
            0       -1.94485        7.00147       0.584395    0.000233153   -0.000240653       0.218398    0.000195388   -0.000213911
            0       -2.72279        7.00147       0.394634   -5.71506e-06     0.00132971       0.330428    8.75007e-06     0.00111717
            0       -3.50073        7.00147       0.296062   -0.000224323    0.000119925       0.551012   -0.000298932   -8.49607e-05
            0       -4.27868        7.00147       0.364226   -0.000158168    0.000240213       0.779134   -0.000224523    0.000476267
            0       -5.05662        7.00147       0.554179    2.47575e-05    0.000267948       0.889366    5.81627e-05    0.000326607
            0       -5.83456        7.00147       0.721018   -4.47815e-05   -4.47026e-05       0.835887   -3.86345e-05   -7.53935e-05
            0        -6.6125        7.00147       0.758292    4.13012e-06    1.80207e-06       0.714934   -6.92499e-06    2.81203e-06
            0         6.6125        6.22353      -0.461121    0.000241945     -9.327e-05       0.854048   -3.20025e-05    0.000223804
            0        5.83456        6.22353      -0.533648   -8.99121e-05   -0.000140789       0.911125    8.95142e-05    3.90031e-05
            0        5.05662        6.22353      -0.671239   -0.000156684   -0.000207463       0.845954    0.000272281    0.000341785
            0        4.27868        6.22353      -0.714546   -0.000202422   -9.51627e-05       0.645039    7.84389e-05    0.000296642
            0        3.50073        6.22353      -0.566017    0.000129854    0.000707127        0.44674    3.63322e-05    -0.00036123
            0        2.72279        6.22353      -0.292272    -0.00018398   -3.98797e-06       0.403394    0.000170503   -1.71505e-05
            0        1.94485        6.22353     -0.0588061     -0.0001332   -0.000411656       0.540541    6.13446e-05     0.00108392
            0        1.16691        6.22353      0.0508205    3.27975e-05    -7.9291e-05       0.740512    0.000119271    0.000156719
            0       0.388971        6.22353      0.0676216    -9.6143e-05    9.59271e-05       0.882955    0.000149426   -0.000121456
            0      -0.388971        6.22353      0.0676216     9.6143e-05    9.59271e-05       0.882955   -0.000149426   -0.000121456
            0       -1.16691        6.22353      0.0508205   -3.27975e-05    -7.9291e-05       0.740512   -0.000119271    0.000156719
            0       -1.94485        6.22353     -0.0588061      0.0001332   -0.000411656       0.540541   -6.13446e-05     0.00108392
            0       -2.72279        6.22353      -0.292272     0.00018398   -3.98797e-06       0.403394   -0.000170503   -1.71505e-05
            0       -3.50073        6.22353      -0.566017   -0.000129854    0.000707127        0.44674   -3.63322e-05    -0.00036123
            0       -4.27868        6.22353      -0.714546    0.000202422   -9.51627e-05       0.645039   -7.84389e-05    0.000296642
            0       -5.05662        6.22353      -0.671239    0.000156684   -0.000207463       0.845954   -0.000272281    0.000341785
            0       -5.83456        6.22353      -0.533648    8.99121e-05   -0.000140789       0.911125   -8.95142e-05    3.90031e-05
            0        -6.6125        6.22353      -0.461121   -0.000241945     -9.327e-05       0.854048    3.20025e-05    0.000223804
            0         6.6125        5.44559       -0.88326   -0.000401989    0.000667382      -0.268211    -0.00015722    0.000466315
            0        5.83456        5.44559      -0.942109    0.000103399    -0.00130054      -0.231415   -2.11686e-05   -0.000261929
            0        5.05662        5.44559        -1.0016    -3.6276e-05    0.000691746      -0.325829    6.70639e-05    0.000532362
            0        4.27868        5.44559      -0.908794   -0.000493116    0.000223882      -0.473347   -0.000112755    6.51578e-05
            0        3.50073        5.44559      -0.663513   -0.000228467    0.000148691      -0.490679     -0.0003798    7.29041e-05
            0        2.72279        5.44559      -0.444867   -2.12487e-05    8.51285e-05      -0.290911   -8.57129e-05   -8.96655e-05
            0        1.94485        5.44559      -0.423665    0.000257214    -0.00033775      0.0226168    2.28137e-05   -4.67771e-05
            0        1.16691        5.44559       -0.58777    5.80097e-05    9.73228e-06        0.26916    -4.1469e-05    3.27438e-06
            0       0.388971        5.44559      -0.753237    8.54526e-05   -8.90064e-05       0.379168   -7.79434e-06   -7.81364e-05
            0      -0.388971        5.44559      -0.753237   -8.54526e-05   -8.90064e-05       0.379168    7.79434e-06   -7.81364e-05
            0       -1.16691        5.44559       -0.58777   -5.80097e-05    9.73228e-06        0.26916     4.1469e-05    3.27438e-06
            0       -1.94485        5.44559      -0.423665   -0.000257214    -0.00033775      0.0226168   -2.28137e-05   -4.67771e-05
            0       -2.72279        5.44559      -0.444867    2.12487e-05    8.51285e-05      -0.290911    8.57129e-05   -8.96655e-05
            0       -3.50073        5.44559      -0.663513    0.000228467    0.000148691      -0.490679      0.0003798    7.29041e-05
            0       -4.27868        5.44559      -0.908794    0.000493116    0.000223882      -0.473347    0.000112755    6.51578e-05
            0       -5.05662        5.44559        -1.0016     3.6276e-05    0.000691746      -0.325829   -6.70639e-05    0.000532362
            0       -5.83456        5.44559      -0.942109   -0.000103399    -0.00130054      -0.231415    2.11686e-05   -0.000261929
            0        -6.6125        5.44559       -0.88326    0.000401989    0.000667382      -0.268211     0.00015722    0.000466315
            0         6.6125        4.66765       0.106424    1.10028e-05    5.08173e-05      -0.942654   -3.44062e-05   -0.000119339
            0        5.83456        4.66765      0.0359613    9.65991e-05    7.42473e-06      -0.897496    -0.00106073    8.71542e-05
            0        5.05662        4.66765    0.000837384   -7.44703e-06    2.03757e-05      -0.963698   -1.80958e-05    5.98927e-05
            0        4.27868        4.66765       0.112503    2.04706e-05   -0.000104255       -1.02704   -0.000152785   -0.000291755
            0        3.50073        4.66765       0.285259    9.00874e-05     -4.868e-05      -0.898155    -7.1132e-05   -0.000190043
            0        2.72279        4.66765       0.300646   -1.93423e-05   -5.99816e-05      -0.598795   -3.40392e-06   -1.60811e-05
            0        1.94485        4.66765      0.0479704    7.18309e-05   -0.000160608      -0.371702   -9.31378e-05    0.000472944
            0        1.16691        4.66765      -0.345237     0.00010725   -0.000159509       -0.37889    0.000357779    -0.00020371
            0       0.388971        4.66765      -0.626217   -2.11758e-05   -0.000218152      -0.509807   -0.000120728   -0.000437561
            0      -0.388971        4.66765      -0.626217    2.11758e-05   -0.000218152      -0.509807    0.000120728   -0.000437561
            0       -1.16691        4.66765      -0.345237    -0.00010725   -0.000159509       -0.37889   -0.000357779    -0.00020371
            0       -1.94485        4.66765      0.0479704   -7.18309e-05   -0.000160608      -0.371702    9.31378e-05    0.000472944
            0       -2.72279        4.66765       0.300646    1.93423e-05   -5.99816e-05      -0.598795    3.40392e-06   -1.60811e-05
            0       -3.50073        4.66765       0.285259   -9.00874e-05     -4.868e-05      -0.898155     7.1132e-05   -0.000190043
            0       -4.27868        4.66765       0.112503   -2.04706e-05   -0.000104255       -1.02704    0.000152785   -0.000291755
            0       -5.05662        4.66765    0.000837384    7.44703e-06    2.03757e-05      -0.963698    1.80958e-05    5.98927e-05
            0       -5.83456        4.66765      0.0359613   -9.65991e-05    7.42473e-06      -0.897496     0.00106073    8.71542e-05
            0        -6.6125        4.66765       0.106424   -1.10028e-05    5.08173e-05      -0.942654    3.44062e-05   -0.000119339
            0         6.6125        3.88971        1.02518   -0.000455976   -0.000132916       -0.15179   -1.02343e-05    6.21773e-06
            0        5.83456        3.88971       0.920667    0.000254954    0.000267835      -0.114665   -0.000269638   -0.000263229
            0        5.05662        3.88971       0.855079    0.000436797   -5.11749e-08      -0.191174   -7.77118e-05    1.07245e-06
            0        4.27868        3.88971       0.919078   -3.28987e-05    0.000141244      -0.238125   -8.17214e-05   -0.000217797
            0        3.50073        3.88971         0.9852    -0.00021622    0.000191335      -0.106211   -0.000120595   -6.36011e-05
            0        2.72279        3.88971       0.858119   -0.000124802    0.000112909       0.113843    4.18249e-05   -3.49413e-05
            0        1.94485        3.88971       0.546533   -0.000113088    3.72026e-06       0.119201   -6.79726e-05    5.19353e-05
            0        1.16691        3.88971       0.236303   -3.69164e-05   -0.000107056      -0.261803      5.125e-05    5.23249e-05
            0       0.388971        3.88971      0.0867195     0.00021132    1.76818e-05      -0.756711   -4.87476e-05    1.37193e-05
            0      -0.388971        3.88971      0.0867195    -0.00021132    1.76818e-05      -0.756711    4.87476e-05    1.37193e-05
            0       -1.16691        3.88971       0.236303    3.69164e-05   -0.000107056      -0.261803     -5.125e-05    5.23249e-05
            0       -1.94485        3.88971       0.546533    0.000113088    3.72026e-06       0.119201    6.79726e-05    5.19353e-05
            0       -2.72279        3.88971       0.858119    0.000124802    0.000112909       0.113843   -4.18249e-05   -3.49413e-05
            0       -3.50073        3.88971         0.9852     0.00021622    0.000191335      -0.106211    0.000120595   -6.36011e-05
            0       -4.27868        3.88971       0.919078    3.28987e-05    0.000141244      -0.238125    8.17214e-05   -0.000217797
            0       -5.05662        3.88971       0.855079   -0.000436797   -5.11749e-08      -0.191174    7.77118e-05    1.07245e-06
            0       -5.83456        3.88971       0.920667   -0.000254954    0.000267835      -0.114665    0.000269638   -0.000263229
            0        -6.6125        3.88971        1.02518    0.000455976   -0.000132916       -0.15179    1.02343e-05    6.21773e-06
            0         6.6125        3.11176       0.515255    0.000317705    0.000265052       0.956705    0.000697343   -5.18672e-05
            0        5.83456        3.11176       0.385606    3.37208e-06   -7.19104e-05       0.962777    2.76732e-06    8.52997e-05
            0        5.05662        3.11176       0.306392    4.47668e-05   -4.25556e-05       0.837491    0.000227751   -0.000127952
            0        4.27868        3.11176       0.359603    1.08116e-05    7.58216e-06       0.720489    1.91287e-05    1.66957e-05
            0        3.50073        3.11176       0.413928   -0.000168845    7.48972e-05       0.766008   -0.000129448     6.4107e-05
            0        2.72279        3.11176       0.290813    1.92865e-05    0.000119171       0.920406    0.000135436    4.14818e-05
            0        1.94485        3.11176       0.157786    5.95245e-05    0.000126678       0.886628    0.000124756    0.000211491
            0        1.16691        3.11176        -0.3332   -4.81707e-05   -0.000163967      -0.171981   -4.30936e-05   -5.59219e-05
            0       0.388971        3.11176       0.159316    -0.00012466   -0.000435067      -0.209012    0.000129931    0.000498186
            0      -0.388971        3.11176       0.159316     0.00012466   -0.000435067      -0.209012   -0.000129931    0.000498186
            0       -1.16691        3.11176        -0.3332    4.81707e-05   -0.000163967      -0.171981    4.30936e-05   -5.59219e-05
            0       -1.94485        3.11176       0.157786   -5.95245e-05    0.000126678       0.886628   -0.000124756    0.000211491
            0       -2.72279        3.11176       0.290813   -1.92865e-05    0.000119171       0.920406   -0.000135436    4.14818e-05
            0       -3.50073        3.11176       0.413928    0.000168845    7.48972e-05       0.766008    0.000129448     6.4107e-05
            0       -4.27868        3.11176       0.359603   -1.08116e-05    7.58216e-06       0.720489   -1.91287e-05    1.66957e-05
            0       -5.05662        3.11176       0.306392   -4.47668e-05   -4.25556e-05       0.837491   -0.000227751   -0.000127952
            0       -5.83456        3.11176       0.385606   -3.37208e-06   -7.19104e-05       0.962777   -2.76732e-06    8.52997e-05
            0        -6.6125        3.11176       0.515255   -0.000317705    0.000265052       0.956705   -0.000697343   -5.18672e-05
            0         6.6125        2.33382      -0.674316   -0.000778624     0.00108099       0.751938    0.000422013   -0.000644568
            0        5.83456        2.33382      -0.789605     7.4191e-05   -0.000197655       0.755015   -8.09402e-05    0.000148875
            0        5.05662        2.33382      -0.848348   -5.45128e-05    6.38484e-05       0.599412    1.79938e-05   -0.000104902
            0        4.27868        2.33382       -0.73451    0.000237592    6.28782e-05        0.42698   -0.000367997     0.00013082
            0        3.50073        2.33382      -0.571868    4.86583e-05   -8.37966e-05       0.399934    1.19559e-05    5.58679e-05
            0        2.72279        2.33382      -0.654824    5.37092e-05    3.66261e-05       0.525313   -4.42768e-05   -3.17923e-05
            0        1.94485        2.33382       0.046139    7.17771e-05    0.000148855        1.55619     0.00224381      0.0027676
            0        1.16691        2.33382              0              0              0              0              0              0
            0       0.388971        2.33382              0              0              0              0              0              0
            0      -0.388971        2.33382              0              0              0              0              0              0
            0       -1.16691        2.33382              0              0              0              0              0              0
            0       -1.94485        2.33382       0.046139   -7.17771e-05    0.000148855        1.55619    -0.00224381      0.0027676
            0       -2.72279        2.33382      -0.654824   -5.37092e-05    3.66261e-05       0.525313    4.42768e-05   -3.17923e-05
            0       -3.50073        2.33382      -0.571868   -4.86583e-05   -8.37966e-05       0.399934   -1.19559e-05    5.58679e-05
            0       -4.27868        2.33382       -0.73451   -0.000237592    6.28782e-05        0.42698    0.000367997     0.00013082
            0       -5.05662        2.33382      -0.848348    5.45128e-05    6.38484e-05       0.599412   -1.79938e-05   -0.000104902
            0       -5.83456        2.33382      -0.789605    -7.4191e-05   -0.000197655       0.755015    8.09402e-05    0.000148875
            0        -6.6125        2.33382      -0.674316    0.000778624     0.00108099       0.751938   -0.000422013   -0.000644568
            0         6.6125        1.55588      -0.771365   -1.07097e-05   -1.62609e-05      -0.459149   -1.34737e-05   -8.28577e-06
            0        5.83456        1.55588      -0.881988    6.31355e-05   -0.000280055       -0.41898     4.0306e-05   -0.000188447
            0        5.05662        1.55588      -0.928334   -0.000156715   -0.000236992      -0.540505   -0.000156988   -0.000160191
            0        4.27868        1.55588      -0.768759   -9.14372e-05     4.4038e-05      -0.679793   -5.70221e-05    -2.3478e-05
            0        3.50073        1.55588      -0.454611    1.33056e-05   -4.42595e-05      -0.691284    -7.0262e-05   -1.18033e-05
            0        2.72279        1.55588      -0.313355     0.00131199    0.000945996     -0.0287413    -0.00195709    -0.00143743
            0        1.94485        1.55588              0              0              0              0              0              0
            0        1.16691        1.55588              0              0              0              0              0              0
            0       0.388971        1.55588              0              0              0              0              0              0
            0      -0.388971        1.55588              0              0              0              0              0              0
            0       -1.16691        1.55588              0              0              0              0              0              0
            0       -1.94485        1.55588              0              0              0              0              0              0
            0       -2.72279        1.55588      -0.313355    -0.00131199    0.000945996     -0.0287413     0.00195709    -0.00143743
            0       -3.50073        1.55588      -0.454611   -1.33056e-05   -4.42595e-05      -0.691284     7.0262e-05   -1.18033e-05
            0       -4.27868        1.55588      -0.768759    9.14372e-05     4.4038e-05      -0.679793    5.70221e-05    -2.3478e-05
            0       -5.05662        1.55588      -0.928334    0.000156715   -0.000236992      -0.540505    0.000156988   -0.000160191
            0       -5.83456        1.55588      -0.881988   -6.31355e-05   -0.000280055       -0.41898    -4.0306e-05   -0.000188447
            0        -6.6125        1.55588      -0.771365    1.07097e-05   -1.62609e-05      -0.459149    1.34737e-05   -8.28577e-06
            0         6.6125       0.777941       0.374926   -0.000263015   -9.74967e-05      -0.896095   -0.000748831   -7.16002e-05
            0        5.83456       0.777941       0.253694    0.000108539    5.67202e-05      -0.827996   -0.000273095   -0.000835228
            0        5.05662       0.777941       0.175052    0.000101222    1.80846e-05      -0.899602   -0.000378055     0.00015091
            0        4.27868       0.777941       0.256403   -2.10241e-05     0.00014313      -0.964969   -7.50429e-05   -0.000967592
            0        3.50073       0.777941       0.407858   -3.46072e-05    -8.2573e-06       -0.71734    6.26693e-05    1.69318e-05
            0        2.72279       0.777941       0.026073    4.56503e-05    0.000607016      -0.640075     0.00021427    -0.00014302
            0        1.94485       0.777941              0              0              0              0              0              0
            0        1.16691       0.777941              0              0              0              0              0              0
            0       0.388971       0.777941              0              0              0              0              0              0
            0      -0.388971       0.777941              0              0              0              0              0              0
            0       -1.16691       0.777941              0              0              0              0              0              0
            0       -1.94485       0.777941              0              0              0              0              0              0
            0       -2.72279       0.777941       0.026073   -4.56503e-05    0.000607016      -0.640075    -0.00021427    -0.00014302
            0       -3.50073       0.777941       0.407858    3.46072e-05    -8.2573e-06       -0.71734   -6.26693e-05    1.69318e-05
            0       -4.27868       0.777941       0.256403    2.10241e-05     0.00014313      -0.964969    7.50429e-05   -0.000967592
            0       -5.05662       0.777941       0.175052   -0.000101222    1.80846e-05      -0.899602    0.000378055     0.00015091
            0       -5.83456       0.777941       0.253694   -0.000108539    5.67202e-05      -0.827996    0.000273095   -0.000835228
            0        -6.6125       0.777941       0.374926    0.000263015   -9.74967e-05      -0.896095    0.000748831   -7.16002e-05
            0         6.6125              0        1.08358      0.0011553    0.000121817      0.0849839    2.84663e-05   -0.000125723
            0        5.83456              0        0.95483   -0.000135559   -2.70331e-05       0.127645   -6.45112e-05   -1.56703e-05
            0        5.05662              0       0.872004    8.55173e-05    0.000211229      0.0476803   -9.39383e-07   -4.82502e-05
            0        4.27868              0       0.872606    0.000365327   -0.000189429     -0.0223399   -9.78872e-05    9.14272e-06
            0        3.50073              0       0.309498    5.46702e-06    -4.0021e-06    -0.00540946    8.59771e-06    7.30506e-05
            0        2.72279              0              0              0              0              0              0              0
            0        1.94485              0              0              0              0              0              0              0
            0        1.16691              0              0              0              0              0              0              0
            0       0.388971              0              0              0              0              0              0              0
            0      -0.388971              0              0              0              0              0              0              0
            0       -1.16691              0              0              0              0              0              0              0
            0       -1.94485              0              0              0              0              0              0              0
            0       -2.72279              0              0              0              0              0              0              0
            0       -3.50073              0       0.309498   -5.46702e-06    -4.0021e-06    -0.00540946   -8.59771e-06    7.30506e-05
            0       -4.27868              0       0.872606   -0.000365327   -0.000189429     -0.0223399    9.78872e-05    9.14272e-06
            0       -5.05662              0       0.872004   -8.55173e-05    0.000211229      0.0476803    9.39383e-07   -4.82502e-05
            0       -5.83456              0        0.95483    0.000135559   -2.70331e-05       0.127645    6.45112e-05   -1.56703e-05
            0        -6.6125              0        1.08358     -0.0011553    0.000121817      0.0849839   -2.84663e-05   -0.000125723
            0         6.6125      -0.777941       0.271954   -0.000272678    5.38246e-05        1.04602   -0.000881733    0.000126292
            0        5.83456      -0.777941       0.182197   -3.96234e-06   -3.08909e-05        1.00627   -9.97233e-05   -0.000122322
            0        5.05662      -0.777941       0.192755   -8.72575e-05   -0.000173302       0.902827    -0.00038207   -0.000717852
            0        4.27868      -0.777941       0.269966    3.81464e-05     6.1156e-05       0.858329     6.0379e-06   -1.98904e-06
            0        3.50073      -0.777941       0.292884   -5.28079e-05   -4.62391e-05       0.747058   -0.000101787   -9.43793e-05
            0        2.72279      -0.777941     -0.0494916   -0.000668387    0.000266716       0.621029    2.97504e-05    0.000193035
            0        1.94485      -0.777941              0              0              0              0              0              0
            0        1.16691      -0.777941              0              0              0              0              0              0
            0       0.388971      -0.777941              0              0              0              0              0              0
            0      -0.388971      -0.777941              0              0              0              0              0              0
            0       -1.16691      -0.777941              0              0              0              0              0              0
            0       -1.94485      -0.777941              0              0              0              0              0              0
            0       -2.72279      -0.777941     -0.0494916    0.000668387    0.000266716       0.621029   -2.97504e-05    0.000193035
            0       -3.50073      -0.777941       0.292884    5.28079e-05   -4.62391e-05       0.747058    0.000101787   -9.43793e-05
            0       -4.27868      -0.777941       0.269966   -3.81464e-05     6.1156e-05       0.858329    -6.0379e-06   -1.98904e-06
            0       -5.05662      -0.777941       0.192755    8.72575e-05   -0.000173302       0.902827     0.00038207   -0.000717852
            0       -5.83456      -0.777941       0.182197    3.96234e-06   -3.08909e-05        1.00627    9.97233e-05   -0.000122322
            0        -6.6125      -0.777941       0.271954    0.000272678    5.38246e-05        1.04602    0.000881733    0.000126292
            0         6.6125       -1.55588      -0.929252   -0.000253443   -0.000264214       0.587279    0.000335299    0.000196633
            0        5.83456       -1.55588      -0.973055   -4.33354e-05    0.000151156       0.450067    1.03869e-05    0.000104519
            0        5.05662       -1.55588      -0.836246   -0.000120682    0.000347644       0.341946    3.39512e-05   -5.87338e-05
            0        4.27868       -1.55588       -0.64894   -0.000234062   -0.000321801       0.441608    4.56191e-05    0.000128257
            0        3.50073       -1.55588      -0.596224    1.49923e-05   -0.000179853       0.716683    0.000188753    3.76803e-05
            0        2.72279       -1.55588      -0.342178    9.71094e-05    -7.3677e-05      0.0130007    -9.5175e-05    1.67663e-06
            0        1.94485       -1.55588              0              0              0              0              0              0
            0        1.16691       -1.55588              0              0              0              0              0              0
            0       0.388971       -1.55588              0              0              0              0              0              0
            0      -0.388971       -1.55588              0              0              0              0              0              0
            0       -1.16691       -1.55588              0              0              0              0              0              0
            0       -1.94485       -1.55588              0              0              0              0              0              0
            0       -2.72279       -1.55588      -0.342178   -9.71094e-05    -7.3677e-05      0.0130007     9.5175e-05    1.67663e-06
            0       -3.50073       -1.55588      -0.596224   -1.49923e-05   -0.000179853       0.716683   -0.000188753    3.76803e-05
            0       -4.27868       -1.55588       -0.64894    0.000234062   -0.000321801       0.441608   -4.56191e-05    0.000128257
            0       -5.05662       -1.55588      -0.836246    0.000120682    0.000347644       0.341946   -3.39512e-05   -5.87338e-05
            0       -5.83456       -1.55588      -0.973055    4.33354e-05    0.000151156       0.450067   -1.03869e-05    0.000104519
            0        -6.6125       -1.55588      -0.929252    0.000253443   -0.000264214       0.587279   -0.000335299    0.000196633
            0         6.6125       -2.33382      -0.844312   -0.000870774    0.000487023      -0.602845    -0.00159913    0.000694309
            0        5.83456       -2.33382      -0.869193    0.000122403   -0.000440507      -0.809311    9.02622e-05   -0.000291071
            0        5.05662       -2.33382      -0.657067    4.08456e-05   -3.50065e-05      -0.924575    8.64884e-05    4.25836e-05
            0        4.27868       -2.33382      -0.438426   -5.66647e-06    0.000153232      -0.741043   -0.000204363    0.000284977
            0        3.50073       -2.33382      -0.535884    7.14853e-06   -5.99499e-05      -0.390393   -1.13279e-05   -5.33054e-05
            0        2.72279       -2.33382      -0.998386    4.91082e-05   -4.92123e-05      -0.349969    1.49515e-05   -8.78324e-06
            0        1.94485       -2.33382      -0.234276   -0.000132962    0.000262382       -1.19068   -4.18353e-05   -8.63236e-06
            0        1.16691       -2.33382              0              0              0              0              0              0
            0       0.388971       -2.33382              0              0              0              0              0              0
            0      -0.388971       -2.33382              0              0              0              0              0              0
            0       -1.16691       -2.33382              0              0              0              0              0              0
            0       -1.94485       -2.33382      -0.234276    0.000132962    0.000262382       -1.19068    4.18353e-05   -8.63236e-06
            0       -2.72279       -2.33382      -0.998386   -4.91082e-05   -4.92123e-05      -0.349969   -1.49515e-05   -8.78324e-06
            0       -3.50073       -2.33382      -0.535884   -7.14853e-06   -5.99499e-05      -0.390393    1.13279e-05   -5.33054e-05
            0       -4.27868       -2.33382      -0.438426    5.66647e-06    0.000153232      -0.741043    0.000204363    0.000284977
            0       -5.05662       -2.33382      -0.657067   -4.08456e-05   -3.50065e-05      -0.924575   -8.64884e-05    4.25836e-05
            0       -5.83456       -2.33382      -0.869193   -0.000122403   -0.000440507      -0.809311   -9.02622e-05   -0.000291071
            0        -6.6125       -2.33382      -0.844312    0.000870774    0.000487023      -0.602845     0.00159913    0.000694309
            0         6.6125       -3.11176       0.348738    5.94944e-05    1.34307e-05      -0.745609    7.40608e-06   -5.49394e-05
            0        5.83456       -3.11176       0.288857    0.000368575   -0.000149936      -0.974059   -0.000564881    0.000120349
            0        5.05662       -3.11176       0.495277    0.000229859   -8.33528e-05       -1.12537   -0.000441986    0.000314608
            0        4.27868       -3.11176       0.734456   -3.89637e-05   -7.32918e-05      -0.953373    4.38997e-05    0.000292177
            0        3.50073       -3.11176       0.644527   -0.000223808   -0.000820287      -0.622319     0.00035176     0.00101255
            0        2.72279       -3.11176       0.208933    4.54263e-05   -5.56778e-05      -0.594541   -7.66199e-05    7.06943e-05
            0        1.94485       -3.11176    -0.00250314    2.55171e-07   -4.96205e-05       -1.08988   -2.92727e-05    8.13525e-05
            0        1.16691       -3.11176       -0.37589    3.40067e-05   -5.80778e-05       0.523799   -4.29222e-05    9.35083e-05
            0       0.388971       -3.11176       0.246379   -3.96416e-05    -4.1398e-05     -0.0167891    1.54072e-05    2.95824e-05
            0      -0.388971       -3.11176       0.246379    3.96416e-05    -4.1398e-05     -0.0167891   -1.54072e-05    2.95824e-05
            0       -1.16691       -3.11176       -0.37589   -3.40067e-05   -5.80778e-05       0.523799    4.29222e-05    9.35083e-05
            0       -1.94485       -3.11176    -0.00250314   -2.55171e-07   -4.96205e-05       -1.08988    2.92727e-05    8.13525e-05
            0       -2.72279       -3.11176       0.208933   -4.54263e-05   -5.56778e-05      -0.594541    7.66199e-05    7.06943e-05
            0       -3.50073       -3.11176       0.644527    0.000223808   -0.000820287      -0.622319    -0.00035176     0.00101255
            0       -4.27868       -3.11176       0.734456    3.89637e-05   -7.32918e-05      -0.953373   -4.38997e-05    0.000292177
            0       -5.05662       -3.11176       0.495277   -0.000229859   -8.33528e-05       -1.12537    0.000441986    0.000314608
            0       -5.83456       -3.11176       0.288857   -0.000368575   -0.000149936      -0.974059    0.000564881    0.000120349
            0        -6.6125       -3.11176       0.348738   -5.94944e-05    1.34307e-05      -0.745609   -7.40608e-06   -5.49394e-05
            0         6.6125       -3.88971       0.887555   -1.29429e-05    0.000165768       0.393233    2.01493e-05   -2.75995e-05
            0        5.83456       -3.88971       0.767022    0.000266042    0.000321317        0.20563    6.44468e-06   -0.000220041
            0        5.05662       -3.88971       0.909513   -0.000507772   -0.000471646      0.0157932    -0.00013865   -0.000164276
            0        4.27868       -3.88971        1.16088    2.84695e-05   -6.44303e-06      0.0945967    2.67994e-05   -1.91957e-05
            0        3.50073       -3.88971        1.19533   -0.000537885    0.000366025       0.399578   -0.000186245   -1.99237e-05
            0        2.72279       -3.88971       0.892476   -0.000115353    0.000172523       0.571336    0.000138974    7.91413e-06
            0        1.94485       -3.88971       0.553969   -2.76965e-06    0.000173147       0.381189   -0.000150571     0.00014853
            0        1.16691       -3.88971       0.461796    0.000212153    2.04885e-05      0.0256178     2.7358e-05    8.27826e-05
            0       0.388971       -3.88971       0.537588   -2.67568e-05    0.000177992      -0.145004       1.44e-06    0.000188387
            0      -0.388971       -3.88971       0.537588    2.67568e-05    0.000177992      -0.145004      -1.44e-06    0.000188387
            0       -1.16691       -3.88971       0.461796   -0.000212153    2.04885e-05      0.0256178    -2.7358e-05    8.27826e-05
            0       -1.94485       -3.88971       0.553969    2.76965e-06    0.000173147       0.381189    0.000150571     0.00014853
            0       -2.72279       -3.88971       0.892476    0.000115353    0.000172523       0.571336   -0.000138974    7.91413e-06
            0       -3.50073       -3.88971        1.19533    0.000537885    0.000366025       0.399578    0.000186245   -1.99237e-05
            0       -4.27868       -3.88971        1.16088   -2.84695e-05   -6.44303e-06      0.0945967   -2.67994e-05   -1.91957e-05
            0       -5.05662       -3.88971       0.909513    0.000507772   -0.000471646      0.0157932     0.00013865   -0.000164276
            0       -5.83456       -3.88971       0.767022   -0.000266042    0.000321317        0.20563   -6.44468e-06   -0.000220041
            0        -6.6125       -3.88971       0.887555    1.29429e-05    0.000165768       0.393233   -2.01493e-05   -2.75995e-05
            0         6.6125       -4.66765      0.0299006    8.63752e-06    6.21948e-05        1.16812    0.000704315     0.00113857
            0        5.83456       -4.66765      -0.145014    6.04065e-05   -7.03186e-05        1.06434   -0.000341261   -0.000409369
            0        5.05662       -4.66765      -0.104096    7.12055e-05   -0.000154853       0.861578   -0.000149599    0.000645448
            0        4.27868       -4.66765       0.127089   -9.77341e-05    9.76246e-05       0.817895     0.00022827   -8.93037e-05
            0        3.50073       -4.66765       0.290651    9.98845e-05   -7.93821e-06        1.01243    0.000134385    0.000508592
            0        2.72279       -4.66765       0.201731    1.08934e-05   -7.00246e-05         1.2648   -0.000539866   -8.33365e-05
            0        1.94485       -4.66765     -0.0510989    3.39537e-05   -8.49405e-06        1.36316    4.14899e-05   -0.000482283
            0        1.16691       -4.66765      -0.265704   -6.60313e-06   -4.76447e-05        1.29239    0.000170024   -0.000196845
            0       0.388971       -4.66765      -0.354629     5.6307e-05   -1.15735e-05        1.20805   -0.000869025    0.000307761
            0      -0.388971       -4.66765      -0.354629    -5.6307e-05   -1.15735e-05        1.20805    0.000869025    0.000307761
            0       -1.16691       -4.66765      -0.265704    6.60313e-06   -4.76447e-05        1.29239   -0.000170024   -0.000196845
            0       -1.94485       -4.66765     -0.0510989   -3.39537e-05   -8.49405e-06        1.36316   -4.14899e-05   -0.000482283
            0       -2.72279       -4.66765       0.201731   -1.08934e-05   -7.00246e-05         1.2648    0.000539866   -8.33365e-05
            0       -3.50073       -4.66765       0.290651   -9.98845e-05   -7.93821e-06        1.01243   -0.000134385    0.000508592
            0       -4.27868       -4.66765       0.127089    9.77341e-05    9.76246e-05       0.817895    -0.00022827   -8.93037e-05
            0       -5.05662       -4.66765      -0.104096   -7.12055e-05   -0.000154853       0.861578    0.000149599    0.000645448
            0       -5.83456       -4.66765      -0.145014   -6.04065e-05   -7.03186e-05        1.06434    0.000341261   -0.000409369
            0        -6.6125       -4.66765      0.0299006   -8.63752e-06    6.21948e-05        1.16812   -0.000704315     0.00113857
            0         6.6125       -5.44559      -0.873502    8.59014e-06   -9.55027e-07       0.426107   -5.85801e-06    1.19854e-05
            0        5.83456       -5.44559       -1.05833    0.000503029   -1.24408e-05         0.4347     -0.0002407    3.17846e-05
            0        5.05662       -5.44559        -1.1248   -0.000205129    0.000111698       0.270584    8.81601e-05   -7.30775e-05
            0        4.27868       -5.44559       -0.99615   -3.09431e-05   -0.000155662       0.118939   -1.10474e-05    3.47434e-05
            0        3.50073       -5.44559      -0.791325    0.000367074   -0.000978007       0.139567   -6.47801e-05    0.000340153
            0        2.72279       -5.44559      -0.677128    1.19551e-05   -6.50121e-05       0.311859     -3.573e-05    8.00281e-06
            0        1.94485       -5.44559      -0.715785   -0.000547906    0.000514036        0.50051    8.65028e-05   -0.000142336
            0        1.16691       -5.44559       -0.81633    5.49101e-05     8.7987e-05       0.609355   -4.71356e-05    3.16991e-05
            0       0.388971       -5.44559      -0.885988    2.52886e-05    6.47513e-05       0.646257   -6.32153e-05    8.30666e-05
            0      -0.388971       -5.44559      -0.885988   -2.52886e-05    6.47513e-05       0.646257    6.32153e-05    8.30666e-05
            0       -1.16691       -5.44559       -0.81633   -5.49101e-05     8.7987e-05       0.609355    4.71356e-05    3.16991e-05
            0       -1.94485       -5.44559      -0.715785    0.000547906    0.000514036        0.50051   -8.65028e-05   -0.000142336
            0       -2.72279       -5.44559      -0.677128   -1.19551e-05   -6.50121e-05       0.311859      3.573e-05    8.00281e-06
            0       -3.50073       -5.44559      -0.791325   -0.000367074   -0.000978007       0.139567    6.47801e-05    0.000340153
            0       -4.27868       -5.44559       -0.99615    3.09431e-05   -0.000155662       0.118939    1.10474e-05    3.47434e-05
            0       -5.05662       -5.44559        -1.1248    0.000205129    0.000111698       0.270584   -8.81601e-05   -7.30775e-05
            0       -5.83456       -5.44559       -1.05833   -0.000503029   -1.24408e-05         0.4347      0.0002407    3.17846e-05
            0        -6.6125       -5.44559      -0.873502   -8.59014e-06   -9.55027e-07       0.426107    5.85801e-06    1.19854e-05
            0         6.6125       -6.22353      -0.410658   -0.000411104    0.000432294       -0.79077   -0.000520684    0.000625279
            0        5.83456       -6.22353      -0.533401   -3.29696e-05   -9.86925e-05      -0.688795   -0.000100516   -3.45467e-05
            0        5.05662       -6.22353      -0.671396    0.000134536    0.000116653      -0.753579    0.000207669    0.000374613
            0        4.27868       -6.22353      -0.690755   -5.58285e-05   -9.83834e-05      -0.923371   -0.000223026    -5.2437e-05
            0        3.50073       -6.22353      -0.576246    7.08032e-05    0.000511131       -1.05077    0.000129801     0.00100107
            0        2.72279       -6.22353      -0.417168    -0.00021571   -0.000187928       -1.05078   -0.000422506   -0.000331233
            0        1.94485       -6.22353       -0.30419   -0.000202559   -0.000213249      -0.969449    -0.00050457   -0.000294608
            0        1.16691       -6.22353        -0.2501   -9.77725e-06     0.00011349      -0.868439   -4.29346e-05     0.00017899
            0       0.388971       -6.22353       -0.23597   -6.81126e-05   -0.000125724      -0.816394   -0.000245767   -0.000305226
            0      -0.388971       -6.22353       -0.23597    6.81126e-05   -0.000125724      -0.816394    0.000245767   -0.000305226
            0       -1.16691       -6.22353        -0.2501    9.77725e-06     0.00011349      -0.868439    4.29346e-05     0.00017899
            0       -1.94485       -6.22353       -0.30419    0.000202559   -0.000213249      -0.969449     0.00050457   -0.000294608
            0       -2.72279       -6.22353      -0.417168     0.00021571   -0.000187928       -1.05078    0.000422506   -0.000331233
            0       -3.50073       -6.22353      -0.576246   -7.08032e-05    0.000511131       -1.05077   -0.000129801     0.00100107
            0       -4.27868       -6.22353      -0.690755    5.58285e-05   -9.83834e-05      -0.923371    0.000223026    -5.2437e-05
            0       -5.05662       -6.22353      -0.671396   -0.000134536    0.000116653      -0.753579   -0.000207669    0.000374613
            0       -5.83456       -6.22353      -0.533401    3.29696e-05   -9.86925e-05      -0.688795    0.000100516   -3.45467e-05
            0        -6.6125       -6.22353      -0.410658    0.000411104    0.000432294       -0.79077    0.000520684    0.000625279
            0         6.6125       -7.00147       0.786389   -0.000328815     0.00031647      -0.783747     3.9827e-05   -0.000408361
            0        5.83456       -7.00147       0.769919    0.000317529   -1.59065e-05      -0.640706   -0.000240503   -4.79892e-05
            0        5.05662       -7.00147       0.650432    3.13068e-05   -2.74008e-05      -0.594632    3.70797e-06    1.51681e-05
            0        4.27868       -7.00147        0.52638    9.34936e-05    0.000644443      -0.675616   -0.000190759   -0.000982512
            0        3.50073       -7.00147       0.488156   -0.000196128   -1.07038e-05      -0.816051    0.000236602    4.53777e-05
            0        2.72279       -7.00147       0.539337   -3.51935e-05   -0.000166754      -0.926947    1.42837e-05    0.000197978
            0        1.94485       -7.00147       0.633735    4.45724e-05    3.70352e-05      -0.977667   -9.21806e-05   -1.37523e-05
            0        1.16691       -7.00147       0.721572    7.70356e-05   -0.000742647      -0.992411    -0.00022622     0.00105532
            0       0.388971       -7.00147       0.767765   -2.31927e-05   -1.78201e-05       -0.98868    3.20551e-05    1.82442e-05
            0      -0.388971       -7.00147       0.767765    2.31927e-05   -1.78201e-05       -0.98868   -3.20551e-05    1.82442e-05
            0       -1.16691       -7.00147       0.721572   -7.70356e-05   -0.000742647      -0.992411     0.00022622     0.00105532
            0       -1.94485       -7.00147       0.633735   -4.45724e-05    3.70352e-05      -0.977667    9.21806e-05   -1.37523e-05
            0       -2.72279       -7.00147       0.539337    3.51935e-05   -0.000166754      -0.926947   -1.42837e-05    0.000197978
            0       -3.50073       -7.00147       0.488156    0.000196128   -1.07038e-05      -0.816051   -0.000236602    4.53777e-05
            0       -4.27868       -7.00147        0.52638   -9.34936e-05    0.000644443      -0.675616    0.000190759   -0.000982512
            0       -5.05662       -7.00147       0.650432   -3.13068e-05   -2.74008e-05      -0.594632   -3.70797e-06    1.51681e-05
            0       -5.83456       -7.00147       0.769919   -0.000317529   -1.59065e-05      -0.640706    0.000240503   -4.79892e-05
            0        -6.6125       -7.00147       0.786389    0.000328815     0.00031647      -0.783747    -3.9827e-05   -0.000408361
            0         6.6125       -7.77941       0.934471    4.29575e-05    7.16197e-05       0.345375     5.2621e-05    5.08215e-05
            0        5.83456       -7.77941        1.02645    1.54725e-05   -0.000249177       0.440933    5.02008e-05     4.9789e-06
            0        5.05662       -7.77941       0.998988    -0.00010433   -0.000456576       0.547682   -3.94986e-05   -0.000238267
            0        4.27868       -7.77941       0.885931   -5.71128e-05    5.96344e-05       0.594259   -7.26662e-05   -1.37579e-05
            0        3.50073       -7.77941        0.76577   -7.63625e-05    0.000421723        0.56595    9.91167e-06    0.000177482
            0        2.72279       -7.77941       0.695383   -9.31363e-05    0.000105857       0.491839   -5.47715e-05    3.94494e-05
            0        1.94485       -7.77941       0.680367    -0.00014672    0.000214499       0.410114   -6.90548e-05    0.000142024
            0        1.16691       -7.77941       0.692751   -1.19283e-05   -5.15669e-05       0.343605    1.42962e-06   -4.41297e-05
            0       0.388971       -7.77941       0.711606     8.3995e-05    0.000370338       0.309471    4.04399e-05    4.87658e-05
            0      -0.388971       -7.77941       0.711606    -8.3995e-05    0.000370338       0.309471   -4.04399e-05    4.87658e-05
            0       -1.16691       -7.77941       0.692751    1.19283e-05   -5.15669e-05       0.343605   -1.42962e-06   -4.41297e-05
            0       -1.94485       -7.77941       0.680367     0.00014672    0.000214499       0.410114    6.90548e-05    0.000142024
            0       -2.72279       -7.77941       0.695383    9.31363e-05    0.000105857       0.491839    5.47715e-05    3.94494e-05
            0       -3.50073       -7.77941        0.76577    7.63625e-05    0.000421723        0.56595   -9.91167e-06    0.000177482
            0       -4.27868       -7.77941       0.885931    5.71128e-05    5.96344e-05       0.594259    7.26662e-05   -1.37579e-05
            0       -5.05662       -7.77941       0.998988     0.00010433   -0.000456576       0.547682    3.94986e-05   -0.000238267
            0       -5.83456       -7.77941        1.02645   -1.54725e-05   -0.000249177       0.440933   -5.02008e-05     4.9789e-06
            0        -6.6125       -7.77941       0.934471   -4.29575e-05    7.16197e-05       0.345375    -5.2621e-05    5.08215e-05
            0         6.6125       -8.55735      -0.244654     0.00011331    5.31173e-05       0.884283    0.000459932    0.000415439
            0        5.83456       -8.55735      -0.128903   -4.02194e-05   -6.43565e-05       0.875816   -8.32535e-05   -9.16335e-05
            0        5.05662       -8.55735     -0.0607293   -2.77952e-06    -4.5235e-05       0.944009   -0.000153178   -0.000141966
            0        4.27868       -8.55735     -0.0715043   -1.80019e-05     9.7727e-05        1.04677    0.000192285    0.000432409
            0        3.50073       -8.55735      -0.138098    0.000124744    0.000287554        1.13231   -0.000316994    0.000187467
            0        2.72279       -8.55735      -0.217128    -1.2878e-05    4.96894e-05        1.16583   -0.000146209   -0.000153596
            0        1.94485       -8.55735      -0.286011    4.72483e-06    7.84575e-05        1.15246   -8.32346e-05    0.000194032
            0        1.16691       -8.55735      -0.336897   -9.42296e-05    0.000181023        1.12902    0.000231037   -0.000145451
            0       0.388971       -8.55735      -0.362133    -8.0004e-05    6.78734e-05        1.09957    9.08246e-05     -0.0001085
            0      -0.388971       -8.55735      -0.362133     8.0004e-05    6.78734e-05        1.09957   -9.08246e-05     -0.0001085
            0       -1.16691       -8.55735      -0.336897    9.42296e-05    0.000181023        1.12902   -0.000231037   -0.000145451
            0       -1.94485       -8.55735      -0.286011   -4.72483e-06    7.84575e-05        1.15246    8.32346e-05    0.000194032
            0       -2.72279       -8.55735      -0.217128     1.2878e-05    4.96894e-05        1.16583    0.000146209   -0.000153596
            0       -3.50073       -8.55735      -0.138098   -0.000124744    0.000287554        1.13231    0.000316994    0.000187467
            0       -4.27868       -8.55735     -0.0715043    1.80019e-05     9.7727e-05        1.04677   -0.000192285    0.000432409
            0       -5.05662       -8.55735     -0.0607293    2.77952e-06    -4.5235e-05       0.944009    0.000153178   -0.000141966
            0       -5.83456       -8.55735      -0.128903    4.02194e-05   -6.43565e-05       0.875816    8.32535e-05   -9.16335e-05
            0        -6.6125       -8.55735      -0.244654    -0.00011331    5.31173e-05       0.884283   -0.000459932    0.000415439
            0         6.6125       -9.33529       -1.09622    -0.00188268    0.000292827      0.0533157     0.00014854    0.000155564
            0        5.83456       -9.33529       -1.04769    0.000324402    0.000738593     -0.0428784   -2.80487e-05    3.51396e-05
            0        5.05662       -9.33529      -0.963857   -6.52707e-05   -0.000132555     -0.0674632   -2.70888e-06    1.09839e-05
            0        4.27868       -9.33529      -0.889309    -9.4769e-05    3.77889e-05     -0.0184449    -7.4746e-05    0.000354212
            0        3.50073       -9.33529      -0.840788   -0.000107268    0.000212856       0.068396     5.0071e-05   -4.41727e-05
            0        2.72279       -9.33529      -0.832791   -1.75794e-05    0.000171277        0.15074   -2.82039e-05    0.000110952
            0        1.94485       -9.33529      -0.860232    7.08794e-05    0.000116991       0.204514    -1.5831e-06    7.59316e-05
            0        1.16691       -9.33529      -0.899875   -8.81219e-05   -0.000453335       0.229537   -1.16949e-05    0.000233509
            0       0.388971       -9.33529      -0.928929   -0.000458638    0.000700626       0.236455    8.74102e-05    1.57222e-05
            0      -0.388971       -9.33529      -0.928929    0.000458638    0.000700626       0.236455   -8.74102e-05    1.57222e-05
            0       -1.16691       -9.33529      -0.899875    8.81219e-05   -0.000453335       0.229537    1.16949e-05    0.000233509
            0       -1.94485       -9.33529      -0.860232   -7.08794e-05    0.000116991       0.204514     1.5831e-06    7.59316e-05
            0       -2.72279       -9.33529      -0.832791    1.75794e-05    0.000171277        0.15074    2.82039e-05    0.000110952
            0       -3.50073       -9.33529      -0.840788    0.000107268    0.000212856       0.068396    -5.0071e-05   -4.41727e-05
            0       -4.27868       -9.33529      -0.889309     9.4769e-05    3.77889e-05     -0.0184449     7.4746e-05    0.000354212
            0       -5.05662       -9.33529      -0.963857    6.52707e-05   -0.000132555     -0.0674632    2.70888e-06    1.09839e-05
            0       -5.83456       -9.33529       -1.04769   -0.000324402    0.000738593     -0.0428784    2.80487e-05    3.51396e-05
            0        -6.6125       -9.33529       -1.09622     0.00188268    0.000292827      0.0533157    -0.00014854    0.000155564
            0         6.6125       -10.1132      -0.392364    7.71158e-05   -0.000165987        -0.8747   -0.000298326   -0.000209379
            0        5.83456       -10.1132      -0.450221    0.000119129   -0.000177524       -0.96378     0.00018571   -0.000385161
            0        5.05662       -10.1132      -0.438538    3.54872e-06   -0.000129053       -1.03971    -3.6253e-05   -1.41402e-05
            0        4.27868       -10.1132        -0.3707    -8.3302e-05   -0.000114237       -1.07733   -0.000168913   -7.26872e-05
            0        3.50073       -10.1132      -0.281597   -0.000100557   -0.000363103       -1.07949   -0.000165551   -0.000635876
            0        2.72279       -10.1132      -0.205756   -0.000123959   -0.000150008       -1.05327    -0.00036679    -0.00031722
            0        1.94485       -10.1132      -0.164476   -1.10543e-05    1.04477e-05       -1.01336   -2.44129e-05    1.99338e-05
            0        1.16691       -10.1132      -0.157556   -1.95455e-06    2.33243e-05      -0.989766   -0.000141652    0.000685846
            0       0.388971       -10.1132      -0.161871   -8.14876e-05   -7.29436e-05      -0.968248   -0.000554905   -0.000599092
            0      -0.388971       -10.1132      -0.161871    8.14876e-05   -7.29436e-05      -0.968248    0.000554905   -0.000599092
            0       -1.16691       -10.1132      -0.157556    1.95455e-06    2.33243e-05      -0.989766    0.000141652    0.000685846
            0       -1.94485       -10.1132      -0.164476    1.10543e-05    1.04477e-05       -1.01336    2.44129e-05    1.99338e-05
            0       -2.72279       -10.1132      -0.205756    0.000123959   -0.000150008       -1.05327     0.00036679    -0.00031722
            0       -3.50073       -10.1132      -0.281597    0.000100557   -0.000363103       -1.07949    0.000165551   -0.000635876
            0       -4.27868       -10.1132        -0.3707     8.3302e-05   -0.000114237       -1.07733    0.000168913   -7.26872e-05
            0       -5.05662       -10.1132      -0.438538   -3.54872e-06   -0.000129053       -1.03971     3.6253e-05   -1.41402e-05
            0       -5.83456       -10.1132      -0.450221   -0.000119129   -0.000177524       -0.96378    -0.00018571   -0.000385161
            0        -6.6125       -10.1132      -0.392364   -7.71158e-05   -0.000165987        -0.8747    0.000298326   -0.000209379
            0         6.6125       -10.8912       0.840866    0.000206058   -9.78433e-05      -0.480396   -0.000231904    5.33849e-05
            0        5.83456       -10.8912       0.745435   -0.000117621    -8.8433e-05       -0.47825    0.000126312   -8.23796e-05
            0        5.05662       -10.8912       0.687074   -5.20124e-05   -9.86384e-05      -0.519538    5.78121e-05   -0.000166664
            0        4.27868       -10.8912       0.673248    4.84185e-05    2.40668e-05      -0.581926   -1.25513e-05   -2.58366e-05
            0        3.50073       -10.8912       0.707137   -3.20954e-05   -0.000214339      -0.652452    6.49771e-05    7.36537e-05
            0        2.72279       -10.8912       0.758233    0.000252964    0.000164534        -0.7077   -0.000233907   -0.000261615
            0        1.94485       -10.8912       0.801652   -8.79269e-05   -0.000272086      -0.733107    1.27877e-05   -4.55666e-07
            0        1.16691       -10.8912       0.825926    0.000367136   -0.000276206      -0.732982   -0.000367323    0.000357944
            0       0.388971       -10.8912       0.834588    9.24528e-05   -0.000108541      -0.724422   -5.45392e-05    5.18893e-05
            0      -0.388971       -10.8912       0.834588   -9.24528e-05   -0.000108541      -0.724422    5.45392e-05    5.18893e-05
            0       -1.16691       -10.8912       0.825926   -0.000367136   -0.000276206      -0.732982    0.000367323    0.000357944
            0       -1.94485       -10.8912       0.801652    8.79269e-05   -0.000272086      -0.733107   -1.27877e-05   -4.55666e-07
            0       -2.72279       -10.8912       0.758233   -0.000252964    0.000164534        -0.7077    0.000233907   -0.000261615
            0       -3.50073       -10.8912       0.707137    3.20954e-05   -0.000214339      -0.652452   -6.49771e-05    7.36537e-05
            0       -4.27868       -10.8912       0.673248   -4.84185e-05    2.40668e-05      -0.581926    1.25513e-05   -2.58366e-05
            0       -5.05662       -10.8912       0.687074    5.20124e-05   -9.86384e-05      -0.519538   -5.78121e-05   -0.000166664
            0       -5.83456       -10.8912       0.745435    0.000117621    -8.8433e-05       -0.47825   -0.000126312   -8.23796e-05
            0        -6.6125       -10.8912       0.840866   -0.000206058   -9.78433e-05      -0.480396    0.000231904    5.33849e-05
            0         6.6125       -11.6691       0.841285    0.000655208    0.000240911       0.662116    0.000355365     4.8032e-05
            0        5.83456       -11.6691       0.806032   -0.000113085   -7.50129e-05       0.747763   -6.82066e-05   -8.04779e-05
            0        5.05662       -11.6691       0.748158   -1.26144e-05   -0.000346296       0.787839    4.09966e-05   -0.000335991
            0        4.27868       -11.6691       0.686848   -0.000156263    1.61865e-05       0.770223   -0.000106351   -4.89224e-05
            0        3.50073       -11.6691       0.639448    -0.00046488    0.000367421       0.715595   -0.000412259    0.000385728
            0        2.72279       -11.6691       0.613157    1.56395e-05    5.88899e-05       0.653988    9.25392e-05    7.51868e-05
            0        1.94485       -11.6691       0.605308    0.000331194     0.00010072       0.610606    0.000248275    9.04039e-05
            0        1.16691       -11.6691       0.608206    1.70435e-05   -9.87721e-05       0.594119    2.91692e-06   -5.55425e-05
            0       0.388971       -11.6691       0.613523   -6.00412e-05   -0.000294212       0.592996   -7.67293e-05   -0.000275639
            0      -0.388971       -11.6691       0.613523    6.00412e-05   -0.000294212       0.592996    7.67293e-05   -0.000275639
            0       -1.16691       -11.6691       0.608206   -1.70435e-05   -9.87721e-05       0.594119   -2.91692e-06   -5.55425e-05
            0       -1.94485       -11.6691       0.605308   -0.000331194     0.00010072       0.610606   -0.000248275    9.04039e-05
            0       -2.72279       -11.6691       0.613157   -1.56395e-05    5.88899e-05       0.653988   -9.25392e-05    7.51868e-05
            0       -3.50073       -11.6691       0.639448     0.00046488    0.000367421       0.715595    0.000412259    0.000385728
            0       -4.27868       -11.6691       0.686848    0.000156263    1.61865e-05       0.770223    0.000106351   -4.89224e-05
            0       -5.05662       -11.6691       0.748158    1.26144e-05   -0.000346296       0.787839   -4.09966e-05   -0.000335991
            0       -5.83456       -11.6691       0.806032    0.000113085   -7.50129e-05       0.747763    6.82066e-05   -8.04779e-05
            0        -6.6125       -11.6691       0.841285   -0.000655208    0.000240911       0.662116   -0.000355365     4.8032e-05
            0         6.6125       -12.4471      -0.363595    -0.00049502     0.00020378       0.847909    0.000833829   -0.000121936
            0        5.83456       -12.4471      -0.304807    5.68471e-05   -0.000116656       0.922549    -0.00043844    0.000942578
            0        5.05662       -12.4471      -0.293846   -1.72367e-05   -2.78946e-05       0.988981    5.21417e-05    0.000162329
            0        4.27868       -12.4471       -0.32967   -0.000110536   -7.65953e-05        1.02724    0.000377535    0.000309735
            0        3.50073       -12.4471      -0.392549   -0.000124781   -8.43988e-05        1.03742    0.000320763    0.000116478
            0        2.72279       -12.4471      -0.456036    0.000172518   -0.000144582        1.03568   -0.000438233    0.000539041
            0        1.94485       -12.4471      -0.496413   -5.19213e-05   -8.19945e-05        1.03043     0.00023368     0.00046078
            0        1.16691       -12.4471      -0.511843    1.09578e-05    0.000192349        1.03043    4.45916e-05     -0.0003721
            0       0.388971       -12.4471      -0.513988   -6.67249e-05    8.95134e-06        1.03397    0.000140816    0.000130857
            0      -0.388971       -12.4471      -0.513988    6.67249e-05    8.95134e-06        1.03397   -0.000140816    0.000130857
            0       -1.16691       -12.4471      -0.511843   -1.09578e-05    0.000192349        1.03043   -4.45916e-05     -0.0003721
            0       -1.94485       -12.4471      -0.496413    5.19213e-05   -8.19945e-05        1.03043    -0.00023368     0.00046078
            0       -2.72279       -12.4471      -0.456036   -0.000172518   -0.000144582        1.03568    0.000438233    0.000539041
            0       -3.50073       -12.4471      -0.392549    0.000124781   -8.43988e-05        1.03742   -0.000320763    0.000116478
            0       -4.27868       -12.4471       -0.32967    0.000110536   -7.65953e-05        1.02724   -0.000377535    0.000309735
            0       -5.05662       -12.4471      -0.293846    1.72367e-05   -2.78946e-05       0.988981   -5.21417e-05    0.000162329
            0       -5.83456       -12.4471      -0.304807   -5.68471e-05   -0.000116656       0.922549     0.00043844    0.000942578
            0        -6.6125       -12.4471      -0.363595     0.00049502     0.00020378       0.847909   -0.000833829   -0.000121936
            0         6.6125        -13.225       -1.00014    -0.00021495   -1.10256e-05       -0.23323   -0.000107591    9.79212e-06
            0        5.83456        -13.225      -0.921559    0.000773376    -0.00109152      -0.248869    5.79413e-05   -5.69204e-05
            0        5.05662        -13.225      -0.858661   -0.000133964   -0.000507793      -0.231204   -4.81851e-05   -0.000155608
            0        4.27868        -13.225      -0.838986   -0.000358684   -0.000671638      -0.192429   -2.16257e-05   -0.000102053
            0        3.50073        -13.225      -0.851345    8.65229e-05     0.00016195      -0.146353    2.99329e-05   -4.72441e-05
            0        2.72279        -13.225       -0.87371    0.000236963   -3.61587e-05      -0.103452    4.95453e-05   -0.000116894
            0        1.94485        -13.225      -0.893754   -0.000110105   -0.000969695     -0.0713276    -4.4358e-05    -9.0209e-05
            0        1.16691        -13.225      -0.898295    6.90747e-06    1.34684e-05      -0.050671    1.68619e-05   -2.43663e-05
            0       0.388971        -13.225      -0.896957    -0.00010111    0.000117641     -0.0406469   -1.91419e-05    9.55037e-06
            0      -0.388971        -13.225      -0.896957     0.00010111    0.000117641     -0.0406469    1.91419e-05    9.55037e-06
            0       -1.16691        -13.225      -0.898295   -6.90747e-06    1.34684e-05      -0.050671   -1.68619e-05   -2.43663e-05
            0       -1.94485        -13.225      -0.893754    0.000110105   -0.000969695     -0.0713276     4.4358e-05    -9.0209e-05
            0       -2.72279        -13.225       -0.87371   -0.000236963   -3.61587e-05      -0.103452   -4.95453e-05   -0.000116894
            0       -3.50073        -13.225      -0.851345   -8.65229e-05     0.00016195      -0.146353   -2.99329e-05   -4.72441e-05
            0       -4.27868        -13.225      -0.838986    0.000358684   -0.000671638      -0.192429    2.16257e-05   -0.000102053
            0       -5.05662        -13.225      -0.858661    0.000133964   -0.000507793      -0.231204    4.81851e-05   -0.000155608
            0       -5.83456        -13.225      -0.921559   -0.000773376    -0.0010915     -0.248869   -5.79413e-05   -5.69204e-05
            0        -6.6125        -13.225       -1.00014     0.00021495   -1.10256e-05       -0.23323    0.000107591    9.79212e-06
#       x [cm]         y [cm]         z [cm]     ExRe [V/m]     EyRe [V/m]     EzRe [V/m]     ExIm [V/m]     EyIm [V/m]     EzIm [V/m]  
#------------------------------------------------------------------------------------------------------------------------------------------

