#WL |a|^2+|d|^2_ln00 |b|^2+|c|^2_ln00 |a|^2+|d|^2_ln01 |b|^2+|c|^2_ln01 |a|^2+|d|^2_ln02 |b|^2+|c|^2_ln02 |a|^2+|d|^2_ln10 |b|^2+|c|^2_ln10 |a|^2+|d|^2_ln11 |b|^2+|c|^2_ln11 |a|^2+|d|^2_ln12 |b|^2+|c|^2_ln12 |a|^2+|d|^2_ln20 |b|^2+|c|^2_ln20 |a|^2+|d|^2_ln21 |b|^2+|c|^2_ln21 |a|^2+|d|^2_ln22 |b|^2+|c|^2_ln22 |a|^2+|d|^2_ln30 |b|^2+|c|^2_ln30 |a|^2+|d|^2_ln31 |b|^2+|c|^2_ln31 |a|^2+|d|^2_ln32 |b|^2+|c|^2_ln32 
# |a|+|d|400.000000 0.317299 0.388654 0.027069 0.242066 0.003778 0.009534 1.387456 2.920166 1.554898 15.272500 2.124936 4.960141 1.323252 0.626370 0.102308 0.319801 0.012231 0.011560 1.468645 1.151240 1.008374 1.001136 1.000014 1.000006
400.500000 0.324833 0.405565 0.028245 0.235044 0.004149 0.009672 1.378479 3.013734 1.559188 14.494238 2.217719 4.860917 1.306282 0.651681 0.103205 0.309908 0.013004 0.011712 1.468503 1.152636 1.008181 1.001036 1.000014 1.000006
401.000000 0.332970 0.424164 0.029525 0.228275 0.004558 0.009828 1.370869 3.117057 1.565811 13.756611 2.315124 4.770548 1.290870 0.679575 0.104273 0.300395 0.013830 0.011885 1.468156 1.154123 1.007991 1.000947 1.000014 1.000006
401.500000 0.341528 0.444308 0.030899 0.221689 0.004999 0.009999 1.364119 3.229032 1.574330 13.056591 2.412707 4.688163 1.276513 0.709812 0.105478 0.291168 0.014684 0.012076 1.467557 1.155669 1.007804 1.000870 1.000014 1.000006
402.000000 0.350418 0.465890 0.032360 0.215281 0.005463 0.010183 1.357957 3.348703 1.584373 12.393356 2.505856 4.612621 1.262949 0.742208 0.106795 0.282223 0.015536 0.012282 1.466692 1.157248 1.007621 1.000805 1.000015 1.000007
402.500000 0.359518 0.488712 0.033899 0.209056 0.005935 0.010376 1.352117 3.474619 1.595521 11.766911 2.588942 4.542915 1.249931 0.776444 0.108194 0.273564 0.016347 0.012500 1.465550 1.158825 1.007442 1.000750 1.000015 1.000007
403.000000 0.368706 0.512451 0.035501 0.203006 0.006395 0.010574 1.346273 3.604424 1.607199 11.175695 2.655123 4.477342 1.237156 0.812007 0.109636 0.265182 0.017070 0.012724 1.464121 1.160355 1.007269 1.000706 1.000015 1.000007
403.500000 0.377981 0.537220 0.037175 0.197122 0.006833 0.010780 1.340358 3.738724 1.619524 10.616708 2.701561 4.415821 1.224493 0.849048 0.111128 0.257056 0.017680 0.012956 1.462422 1.161838 1.007100 1.000670 1.000015 1.000007
404.000000 0.387377 0.563172 0.038934 0.191380 0.007236 0.010993 1.334295 3.878232 1.632634 10.085940 2.725490 4.357995 1.211805 0.887782 0.112681 0.249152 0.018154 0.013198 1.460460 1.163273 1.006935 1.000642 1.000016 1.000007
404.500000 0.396920 0.590459 0.040793 0.185766 0.007593 0.011217 1.328027 4.023643 1.646683 9.580375 2.724516 4.303713 1.198980 0.928414 0.114310 0.241443 0.018470 0.013451 1.458235 1.164658 1.006773 1.000621 1.000016 1.000007
405.000000 0.406647 0.619289 0.042777 0.180217 0.007887 0.011454 1.321332 4.175731 1.661860 9.094050 2.695627 4.252412 1.185721 0.971220 0.116033 0.233844 0.018600 0.013720 1.455715 1.165980 1.006614 1.000605 1.000016 1.000008
405.500000 0.416628 0.649940 0.044908 0.174767 0.008111 0.011707 1.314386 4.336031 1.678544 8.627873 2.639571 4.204858 1.172171 1.016602 0.117878 0.226394 0.018540 0.014007 1.452920 1.167237 1.006456 1.000595 1.000017 1.000008
406.000000 0.426971 0.682664 0.047206 0.169469 0.008262 0.011979 1.307453 4.505801 1.697024 8.183644 2.558940 4.161492 1.158586 1.064932 0.119867 0.219162 0.018298 0.014316 1.449884 1.168429 1.006301 1.000590 1.000017 1.000008
406.500000 0.437772 0.717613 0.049679 0.164416 0.008344 0.012271 1.300959 4.685889 1.717468 7.765964 2.459206 4.123016 1.145429 1.116449 0.122012 0.212271 0.017903 0.014649 1.446675 1.169554 1.006148 1.000588 1.000017 1.000008
407.000000 0.449169 0.755014 0.052340 0.159683 0.008368 0.012585 1.295325 4.877508 1.740021 7.377603 2.346904 4.089793 1.133148 1.171516 0.124328 0.205819 0.017393 0.015007 1.443366 1.170626 1.005997 1.000588 1.000017 1.000009
407.500000 0.461237 0.795097 0.055189 0.155328 0.008348 0.012921 1.290930 5.082115 1.764803 7.021017 2.228833 4.062533 1.122154 1.230507 0.126821 0.199881 0.016813 0.015391 1.440036 1.171666 1.005848 1.000591 1.000017 1.000009
408.000000 0.474061 0.838170 0.058231 0.151380 0.008299 0.013280 1.288043 5.301498 1.791894 6.696371 2.110455 4.041544 1.112731 1.293914 0.129497 0.194494 0.016200 0.015802 1.436747 1.172702 1.005703 1.000596 1.000017 1.000009
408.500000 0.487670 0.884518 0.061475 0.147819 0.008229 0.013663 1.286700 5.537165 1.821325 6.401455 1.994751 4.026840 1.104907 1.362172 0.132361 0.189632 0.015576 0.016240 1.433524 1.173751 1.005559 1.000601 1.000017 1.000009
409.000000 0.502099 0.934475 0.064939 0.144599 0.008144 0.014070 1.286784 5.790628 1.853161 6.132278 1.882733 4.018089 1.098540 1.435769 0.135420 0.185228 0.014952 0.016708 1.430363 1.174815 1.005418 1.000607 1.000017 1.000010
409.500000 0.517268 0.988130 0.068634 0.141649 0.008040 0.014504 1.287979 6.061916 1.887392 5.884469 1.773885 4.014963 1.093278 1.514790 0.138675 0.181190 0.014323 0.017207 1.427225 1.175861 1.005280 1.000614 1.000017 1.000010
410.000000 0.533182 1.045732 0.072590 0.138918 0.007919 0.014966 1.290086 6.351859 1.924163 5.654411 1.668100 4.017251 1.088888 1.599566 0.142140 0.177448 0.013692 0.017738 1.424080 1.176860 1.005143 1.000622 1.000017 1.000010
410.500000 0.549819 1.107391 0.076827 0.136369 0.007782 0.015459 1.292939 6.660531 1.963564 5.439629 1.565543 4.024815 1.085179 1.690218 0.145823 0.173953 0.013060 0.018305 1.420908 1.177775 1.005008 1.000630 1.000016 1.000011
411.000000 0.567202 1.173204 0.081380 0.133969 0.007629 0.015984 1.296384 6.987718 2.005751 5.237655 1.466202 4.037439 1.081970 1.786835 0.149740 0.170659 0.012430 0.018910 1.417681 1.178556 1.004874 1.000640 1.000016 1.000011
411.500000 0.585284 1.242993 0.086261 0.131704 0.007464 0.016543 1.300331 7.331984 2.050721 5.047637 1.370761 4.055065 1.079172 1.889111 0.153893 0.167548 0.011807 0.019553 1.414397 1.179152 1.004743 1.000651 1.000016 1.000011
412.000000 0.604069 1.316617 0.091496 0.129561 0.007289 0.017138 1.304716 7.691973 2.098585 4.868473 1.279637 4.077653 1.076712 1.996789 0.158291 0.164603 0.011197 0.020238 1.411049 1.179511 1.004614 1.000662 1.000016 1.000012
412.500000 0.623523 1.393599 0.097100 0.127533 0.007108 0.017769 1.309473 8.064613 2.149288 4.699577 1.193309 4.104999 1.074535 2.109124 0.162931 0.161815 0.010606 0.020965 1.407641 1.179571 1.004487 1.000674 1.000015 1.000012
413.000000 0.643612 1.473128 0.103088 0.125608 0.006922 0.018436 1.314490 8.444900 2.202737 4.539985 1.111850 4.136670 1.072531 2.224856 0.167810 0.159167 0.010035 0.021733 1.404166 1.179252 1.004362 1.000687 1.000015 1.000012
413.500000 0.664298 1.554409 0.109478 0.123780 0.006735 0.019141 1.319722 8.828270 2.258967 4.389212 1.035446 4.172680 1.070662 2.342770 0.172929 0.156650 0.009489 0.022544 1.400626 1.178490 1.004240 1.000700 1.000015 1.000013
414.000000 0.685599 1.636641 0.116297 0.122046 0.006550 0.019885 1.325170 9.210156 2.318079 4.246721 0.964159 4.213024 1.068925 2.461649 0.178299 0.154261 0.008969 0.023400 1.397026 1.177231 1.004121 1.000714 1.000014 1.000013
414.500000 0.707560 1.719115 0.123583 0.120404 0.006368 0.020671 1.330871 9.586642 2.380312 4.112043 0.897942 4.257950 1.067351 2.580426 0.183942 0.151995 0.008477 0.024305 1.393373 1.175439 1.004005 1.000728 1.000014 1.000014
415.000000 0.730234 1.800890 0.131378 0.118850 0.006191 0.021503 1.336843 9.952591 2.445874 3.984621 0.836597 4.307556 1.065946 2.697693 0.189876 0.149849 0.008015 0.025263 1.389670 1.173073 1.003891 1.000742 1.000014 1.000014
415.500000 0.753692 1.881382 0.139733 0.117387 0.006020 0.022387 1.343177 10.305145 2.515198 3.864209 0.779974 4.362502 1.064785 2.812594 0.196139 0.147825 0.007581 0.026280 1.385927 1.170126 1.003781 1.000757 1.000013 1.000015
416.000000 0.778033 1.959871 0.148715 0.116014 0.005858 0.023329 1.349937 10.640617 2.588724 3.750358 0.727784 4.423273 1.063916 2.924067 0.202768 0.145919 0.007175 0.027363 1.382150 1.166591 1.003672 1.000772 1.000013 1.000015
416.500000 0.803306 2.035470 0.158377 0.114730 0.005703 0.024333 1.357173 10.954767 2.666804 3.642832 0.679781 4.490347 1.063382 3.030825 0.209796 0.144132 0.006797 0.028518 1.378348 1.162473 1.003566 1.000787 1.000013 1.000016
417.000000 0.829657 2.107618 0.168811 0.113535 0.005558 0.025409 1.364976 11.244950 2.750062 3.541195 0.635634 4.564433 1.063243 3.132065 0.217277 0.142463 0.006446 0.029755 1.374525 1.157791 1.003463 1.000801 1.000012 1.000016
417.500000 0.857155 2.175911 0.180090 0.112433 0.005421 0.026564 1.373441 11.509840 2.839037 3.445429 0.595151 4.646429 1.063586 3.227242 0.225257 0.140915 0.006119 0.031083 1.370696 1.152598 1.003361 1.000816 1.000012 1.000017
418.000000 0.885915 2.240081 0.192304 0.111426 0.005294 0.027806 1.382659 11.748693 2.934323 3.355337 0.558082 4.737136 1.064489 3.316021 0.233788 0.139491 0.005817 0.032511 1.366876 1.146953 1.003262 1.000831 1.000012 1.000017
418.500000 0.916051 2.299991 0.205568 0.110512 0.005177 0.029149 1.392718 11.961495 3.036767 3.270678 0.524135 4.837820 1.066014 3.398244 0.242944 0.138190 0.005538 0.034055 1.363070 1.140913 1.003164 1.000846 1.000012 1.000018
419.000000 0.947752 2.356217 0.220021 0.109697 0.005069 0.030607 1.403765 12.151836 3.147346 3.191313 0.493096 4.949915 1.068282 3.474829 0.252810 0.137017 0.005280 0.035731 1.359296 1.134566 1.003068 1.000860 1.000011 1.000019
419.500000 0.981065 2.408361 0.235784 0.108976 0.004971 0.032192 1.415815 12.318419 3.266833 3.116993 0.464692 5.074608 1.071299 3.545237 0.263454 0.135967 0.005042 0.037553 1.355557 1.127965 1.002973 1.000875 1.000011 1.000020
420.000000 1.016064 2.455534 0.253006 0.108343 0.004880 0.033918 1.428841 12.457254 3.396054 3.047253 0.438611 5.212905 1.075024 3.608192 0.274950 0.135030 0.004821 0.039538 1.351847 1.121140 1.002879 1.000889 1.000011 1.000021
420.500000 1.052752 2.496786 0.271819 0.107791 0.004796 0.035797 1.442791 12.564384 3.535645 2.981793 0.414624 5.365659 1.079410 3.662345 0.287356 0.134199 0.004616 0.041698 1.348166 1.114145 1.002787 1.000903 1.000011 1.000021
421.000000 1.091250 2.531575 0.292419 0.107315 0.004720 0.037848 1.457671 12.637716 3.686674 2.920222 0.392501 5.534194 1.084441 3.706952 0.300770 0.133466 0.004426 0.044056 1.344509 1.107034 1.002696 1.000916 1.000010 1.000022
421.500000 1.131476 2.558785 0.314933 0.106909 0.004648 0.040083 1.473378 12.672806 3.849616 2.862321 0.372075 5.719164 1.090040 3.740431 0.315236 0.132824 0.004248 0.046625 1.340876 1.099873 1.002608 1.000930 1.000010 1.000024
422.000000 1.173512 2.577634 0.339584 0.106567 0.004582 0.042521 1.489876 12.666566 4.025570 2.807698 0.353146 5.921852 1.096156 3.761689 0.330855 0.132263 0.004082 0.049427 1.337258 1.092718 1.002522 1.000944 1.000010 1.000025
422.500000 1.217323 2.587183 0.366562 0.106281 0.004521 0.045179 1.507075 12.615470 4.215326 2.756084 0.335562 6.143174 1.102709 3.769408 0.347700 0.131776 0.003926 0.052480 1.333649 1.085634 1.002439 1.000957 1.000010 1.000026
423.000000 1.262990 2.586072 0.396147 0.106043 0.004463 0.048077 1.524883 12.513613 4.420002 2.706987 0.319129 6.383966 1.109592 3.761638 0.365878 0.131352 0.003779 0.055810 1.330027 1.078668 1.002360 1.000971 1.000010 1.000027
423.500000 1.310409 2.573250 0.428531 0.105847 0.004407 0.051229 1.543155 12.357211 4.640090 2.660171 0.303731 6.644324 1.116683 3.736909 0.385438 0.130980 0.003640 0.059429 1.326381 1.071894 1.002287 1.000984 1.000009 1.000029
424.000000 1.359669 2.548069 0.464053 0.105687 0.004354 0.054656 1.561827 12.144120 4.876925 2.615288 0.289229 6.925062 1.123897 3.694325 0.406506 0.130654 0.003507 0.063363 1.322688 1.065371 1.002220 1.000998 1.000009 1.000030
424.500000 1.410715 2.510415 0.502942 0.105558 0.004303 0.058367 1.580776 11.875063 5.130857 2.572141 0.275546 7.225366 1.131131 3.633794 0.429123 0.130366 0.003381 0.067620 1.318941 1.059180 1.002161 1.001012 1.000009 1.000032
425.000000 1.463583 2.459932 0.545500 0.105453 0.004253 0.062367 1.599870 11.549298 5.402259 2.530377 0.262569 7.543434 1.138255 3.554852 0.453339 0.130110 0.003259 0.072206 1.315113 1.053381 1.002112 1.001026 1.000009 1.000034
425.500000 1.518292 2.399563 0.592007 0.105379 0.004205 0.066666 1.619177 11.182122 5.692090 2.490197 0.250317 7.879518 1.145343 3.461867 0.479241 0.129892 0.003144 0.077133 1.311227 1.048050 1.002075 1.001040 1.000009 1.000036
426.000000 1.574974 2.332655 0.642828 0.105340 0.004159 0.071283 1.638822 10.790093 6.001740 2.451750 0.238795 8.234330 1.152516 3.359769 0.506960 0.129718 0.003034 0.082420 1.307307 1.043232 1.002050 1.001055 1.000008 1.000038
426.500000 1.633739 2.261922 0.698362 0.105341 0.004116 0.076234 1.658908 10.386367 6.332779 2.415136 0.227990 8.608579 1.159868 3.252533 0.536639 0.129595 0.002930 0.088088 1.303371 1.038933 1.002038 1.001069 1.000008 1.000040
427.000000 1.694735 2.189810 0.759061 0.105385 0.004076 0.081539 1.679540 9.982411 6.686916 2.380406 0.217884 9.002937 1.167500 3.143720 0.568440 0.129527 0.002831 0.094158 1.299441 1.035141 1.002039 1.001083 1.000008 1.000042
427.500000 1.758013 2.118582 0.825387 0.105475 0.004039 0.087220 1.700825 9.588733 7.066256 2.347700 0.208468 9.419123 1.175519 3.036611 0.602551 0.129518 0.002739 0.100655 1.295543 1.031828 1.002054 1.001097 1.000008 1.000045
428.000000 1.823723 2.049554 0.897966 0.105614 0.004006 0.093309 1.722863 9.211043 7.473610 2.317010 0.199703 9.859129 1.184009 2.933089 0.639226 0.129571 0.002653 0.107616 1.291691 1.028947 1.002083 1.001111 1.000008 1.000047
428.500000 1.892119 1.982977 0.977652 0.105801 0.003976 0.099844 1.745741 8.849960 7.912739 2.288208 0.191521 10.324838 1.193009 2.833473 0.678808 0.129685 0.002572 0.115083 1.287877 1.026450 1.002128 1.001125 1.000008 1.000050
429.000000 1.963562 1.918954 1.065520 0.106038 0.003948 0.106867 1.769569 8.505379 8.388211 2.261143 0.183857 10.818125 1.202570 2.737877 0.721717 0.129861 0.002495 0.123105 1.284092 1.024290 1.002191 1.001138 1.000007 1.000053
429.500000 2.038391 1.857200 1.162800 0.106324 0.003924 0.114415 1.794442 8.175550 8.905185 2.235691 0.176648 11.339965 1.212717 2.645845 0.768422 0.130099 0.002423 0.131722 1.280322 1.022429 1.002273 1.001152 1.000007 1.000056
430.000000 2.117021 1.797535 1.270934 0.106662 0.003902 0.122516 1.820468 7.859232 9.469342 2.211736 0.169843 11.890160 1.223491 2.557088 0.819448 0.130400 0.002354 0.140966 1.276552 1.020837 1.002380 1.001165 1.000007 1.000059
430.500000 2.199893 1.739807 1.391583 0.107053 0.003882 0.131184 1.847769 7.555379 10.087067 2.189199 0.163399 12.467211 1.234937 2.471359 0.875385 0.130766 0.002288 0.150852 1.272770 1.019485 1.002514 1.001179 1.000007 1.000062
431.000000 2.287623 1.683788 1.526738 0.107501 0.003865 0.140410 1.876486 7.262560 10.765309 2.167949 0.157274 13.066590 1.247107 2.388306 0.936886 0.131202 0.002225 0.161368 1.268962 1.018353 1.002681 1.001193 1.000007 1.000066
431.500000 2.379869 1.629119 1.676520 0.107998 0.003849 0.149946 1.906346 6.979244 11.499333 2.147892 0.151452 13.664527 1.259814 2.307411 1.003568 0.131695 0.002165 0.172227 1.265129 1.017439 1.002887 1.001208 1.000007 1.000069
432.000000 2.476274 1.575592 1.840200 0.108534 0.003835 0.159420 1.937046 6.704468 12.278877 2.128881 0.145918 14.227762 1.272856 2.228369 1.074568 0.132237 0.002107 0.183004 1.261275 1.016739 1.003137 1.001222 1.000007 1.000072
432.500000 2.576362 1.523102 2.015807 0.109101 0.003823 0.168333 1.968250 6.437747 13.086828 2.110777 0.140658 14.714867 1.286020 2.151030 1.148406 0.132817 0.002052 0.193126 1.257404 1.016244 1.003436 1.001237 1.000006 1.000075
433.000000 2.679316 1.471442 2.198693 0.109686 0.003811 0.175974 1.999440 6.178136 13.891193 2.093353 0.135655 15.069788 1.298980 2.075095 1.222282 0.133418 0.001999 0.201779 1.253521 1.015950 1.003784 1.001251 1.000006 1.000078
433.500000 2.784298 1.420628 2.382586 0.110277 0.003800 0.181651 2.030182 5.925691 14.653974 2.076482 0.130899 15.243215 1.311477 2.000581 1.292825 0.134028 0.001949 0.208173 1.249636 1.015843 1.004180 1.001266 1.000006 1.000079
434.000000 2.890875 1.371015 2.561168 0.110871 0.003789 0.184923 2.060280 5.681769 15.340459 2.060103 0.126379 15.210077 1.323410 1.927985 1.356927 0.134641 0.001900 0.211808 1.245759 1.015896 1.004617 1.001280 1.000006 1.000079
434.500000 2.999672 1.323209 2.731578 0.111474 0.003779 0.185859 2.090065 5.448610 15.938205 2.044313 0.122084 14.987436 1.335004 1.858152 1.413431 0.135267 0.001853 0.212766 1.241898 1.016070 1.005085 1.001294 1.000006 1.000079
435.000000 3.111945 1.277878 2.894108 0.112104 0.003770 0.184878 2.120143 5.228612 16.453106 2.029271 0.118007 14.618695 1.346648 1.792017 1.462812 0.135925 0.001809 0.211533 1.238063 1.016327 1.005577 1.001307 1.000006 1.000077
435.500000 3.229304 1.235576 3.052247 0.112777 0.003763 0.182600 2.151316 5.023717 16.908633 2.015259 0.114143 14.160033 1.358847 1.730341 1.507099 0.136638 0.001766 0.208818 1.234258 1.016628 1.006086 1.001321 1.000006 1.000075
436.000000 3.353662 1.196539 3.210811 0.113514 0.003759 0.179574 2.184389 4.834484 17.332129 2.002479 0.110480 13.657696 1.372078 1.673436 1.548704 0.137427 0.001726 0.205253 1.230480 1.016948 1.006613 1.001335 1.000006 1.000073
436.500000 3.487145 1.160896 3.376246 0.114334 0.003757 0.176289 2.220218 4.661069 17.756839 1.991149 0.107009 13.150239 1.386839 1.621465 1.590584 0.138316 0.001687 0.201396 1.226724 1.017266 1.007160 1.001349 1.000006 1.000070
437.000000 3.632786 1.128790 3.558901 0.115260 0.003760 0.173236 2.259932 4.503617 18.231058 1.981503 0.103721 12.673156 1.403775 1.574611 1.637095 0.139333 0.001651 0.197808 1.222984 1.017565 1.007739 1.001364 1.000005 1.000068
437.500000 3.790706 1.099504 3.754435 0.116286 0.003766 0.170122 2.303323 4.359083 18.728741 1.973409 0.100599 12.204726 1.422706 1.531844 1.685907 0.140469 0.001617 0.194155 1.219250 1.017858 1.008346 1.001379 1.000005 1.000066
438.000000 3.960169 1.072170 3.950730 0.117393 0.003774 0.166472 2.349714 4.223855 19.188508 1.966538 0.097622 11.711761 1.443167 1.491926 1.731494 0.141703 0.001583 0.189895 1.215510 1.018167 1.008966 1.001395 1.000005 1.000064
438.500000 4.140552 1.046158 4.134183 0.118567 0.003784 0.161980 2.398523 4.095329 19.548185 1.960627 0.094771 11.175230 1.464758 1.453958 1.768205 0.143018 0.001552 0.184681 1.211757 1.018508 1.009579 1.001411 1.000005 1.000061
439.000000 4.330956 1.020943 4.287913 0.119792 0.003795 0.156430 2.449007 3.971326 19.736694 1.955346 0.092030 10.583276 1.486993 1.417194 1.789542 0.144392 0.001521 0.178266 1.207984 1.018892 1.010151 1.001427 1.000005 1.000058
439.500000 4.529414 0.996084 4.392677 0.121048 0.003807 0.149716 2.500167 3.850157 19.682561 1.950424 0.089388 9.933208 1.509261 1.381010 1.788888 0.145802 0.001491 0.170531 1.204189 1.019328 1.010642 1.001444 1.000005 1.000054
440.000000 4.734491 0.971371 4.435958 0.122321 0.003819 0.141980 2.551247 3.730986 19.350736 1.945651 0.086836 9.238383 1.531107 1.345106 1.762893 0.147231 0.001462 0.161641 1.200373 1.019818 1.011019 1.001460 1.000005 1.000051
440.500000 4.946051 0.946948 4.419284 0.123611 0.003832 0.133641 2.602114 3.614343 18.769735 1.941016 0.084371 8.528730 1.552469 1.309684 1.713985 0.148678 0.001434 0.152075 1.196544 1.020351 1.011270 1.001477 1.000005 1.000047
441.000000 5.165455 0.923161 4.355603 0.124925 0.003846 0.125197 2.653222 3.501476 18.012258 1.936629 0.081997 7.836721 1.573626 1.275229 1.648666 0.150155 0.001406 0.142399 1.192716 1.020911 1.011406 1.001494 1.000005 1.000043
441.500000 5.394286 0.900448 4.262505 0.126276 0.003860 0.117081 2.705252 3.394037 17.164678 1.932722 0.079723 7.188979 1.595017 1.242356 1.574733 0.151674 0.001380 0.133106 1.188909 1.021478 1.011450 1.001511 1.000005 1.000040
442.000000 5.634923 0.879058 4.154811 0.127677 0.003877 0.109527 2.759039 3.292875 16.292911 1.929501 0.077549 6.597690 1.617127 1.211413 1.498186 0.153253 0.001355 0.124461 1.185130 1.022040 1.011428 1.001528 1.000005 1.000037
442.500000 5.889943 0.859160 4.043853 0.129140 0.003895 0.102648 2.815413 3.198503 15.443145 1.927144 0.075477 6.066835 1.640423 1.182629 1.423267 0.154908 0.001330 0.116592 1.181385 1.022587 1.011362 1.001545 1.000004 1.000034
443.000000 6.163040 0.840973 3.940530 0.130682 0.003915 0.096526 2.875490 3.111602 14.654805 1.925820 0.073508 5.598106 1.665525 1.156308 1.353637 0.156656 0.001307 0.109590 1.177680 1.023108 1.011275 1.001563 1.000004 1.000031
443.500000 6.455644 0.824339 3.844735 0.132302 0.003938 0.091053 2.939539 3.031485 13.924682 1.925560 0.071637 5.182474 1.692545 1.132223 1.289033 0.158499 0.001285 0.103332 1.174012 1.023605 1.011172 1.001580 1.000004 1.000029
444.000000 6.767356 0.808780 3.748718 0.133993 0.003962 0.086016 3.006940 2.956246 13.221909 1.926141 0.069847 4.805229 1.721052 1.109693 1.226638 0.160426 0.001264 0.097575 1.170361 1.024091 1.011042 1.001598 1.000004 1.000027
444.500000 7.097754 0.793927 3.647408 0.135746 0.003988 0.081280 3.077078 2.884413 12.527793 1.927368 0.068124 4.456847 1.750632 1.088191 1.164744 0.162426 0.001244 0.092164 1.166714 1.024577 1.010880 1.001616 1.000004 1.000025
445.000000 7.445729 0.779454 3.536959 0.137551 0.004016 0.076746 3.149054 2.814693 11.829439 1.928974 0.066456 4.130521 1.780723 1.067257 1.102172 0.164487 0.001224 0.086988 1.163060 1.025070 1.010680 1.001635 1.000004 1.000023
445.500000 7.809313 0.765043 3.414394 0.139399 0.004044 0.072340 3.221830 2.745894 11.118757 1.930788 0.064832 3.821311 1.810702 1.046440 1.038169 0.166596 0.001205 0.081960 1.159386 1.025579 1.010439 1.001654 1.000004 1.000022
446.000000 8.186542 0.750511 3.279967 0.141284 0.004072 0.068041 3.294435 2.677323 10.398751 1.932659 0.063244 3.527387 1.840012 1.025480 0.973015 0.168746 0.001185 0.077058 1.155689 1.026107 1.010161 1.001673 1.000004 1.000020
446.500000 8.575659 0.735804 3.136589 0.143199 0.004101 0.063866 3.366079 2.608790 9.680554 1.934484 0.061690 3.249094 1.868229 1.004300 0.907751 0.170930 0.001166 0.072299 1.151975 1.026655 1.009852 1.001693 1.000004 1.000019
447.000000 8.979050 0.721067 2.990691 0.145158 0.004131 0.059874 3.437235 2.540771 8.984022 1.936375 0.060170 2.988675 1.895608 0.983102 0.844247 0.173162 0.001148 0.067752 1.148248 1.027217 1.009528 1.001713 1.000004 1.000017
447.500000 9.400140 0.706668 2.850355 0.147174 0.004161 0.056155 3.509091 2.474651 8.333364 1.938621 0.058694 2.750182 1.922853 0.962406 0.784779 0.175460 0.001130 0.063517 1.144531 1.027780 1.009205 1.001733 1.000004 1.000016
448.000000 9.844673 0.692868 2.720398 0.149270 0.004194 0.052748 3.583251 2.411327 7.739963 1.941539 0.057269 2.534612 1.950826 0.942573 0.730443 0.177851 0.001112 0.059639 1.140830 1.028334 1.008896 1.001754 1.000004 1.000015
448.500000 10.318356 0.679873 2.603476 0.151462 0.004228 0.049667 3.661178 2.351505 7.208002 1.945364 0.055899 2.341679 1.980295 0.923892 0.681664 0.180354 0.001095 0.056133 1.137150 1.028873 1.008606 1.001776 1.000004 1.000014
449.000000 10.831028 0.667871 2.501482 0.153781 0.004265 0.046914 3.745226 2.295775 6.738387 1.950452 0.054588 2.170362 2.012431 0.906626 0.638563 0.183007 0.001079 0.053000 1.133477 1.029389 1.008341 1.001798 1.000004 1.000013
449.500000 11.391163 0.657022 2.415024 0.156245 0.004304 0.044481 3.837397 2.244663 6.329164 1.957087 0.053340 2.019420 2.048223 0.890994 0.600986 0.185832 0.001063 0.050231 1.129807 1.029879 1.008102 1.001821 1.000003 1.000012
450.000000 12.002004 0.647176 2.340853 0.158853 0.004347 0.042309 3.937864 2.197593 5.968267 1.965216 0.052151 1.885271 2.087658 0.876786 0.567823 0.188827 0.001049 0.047761 1.126131 1.030346 1.007883 1.001845 1.000003 1.000011
450.500000 12.664062 0.638087 2.275134 0.161595 0.004391 0.040336 4.045897 2.153645 5.643083 1.974640 0.051012 1.764285 2.130247 0.863653 0.537906 0.191980 0.001034 0.045516 1.122448 1.030796 1.007678 1.001870 1.000003 1.000010
451.000000 13.377155 0.629554 2.215164 0.164457 0.004438 0.038517 4.160527 2.112064 5.344800 1.985092 0.049916 1.653831 2.175399 0.851315 0.510424 0.195274 0.001021 0.043447 1.118760 1.031236 1.007482 1.001896 1.000003 1.000010
451.500000 14.136876 0.621361 2.158319 0.167419 0.004486 0.036811 4.279984 2.072101 5.066045 1.996301 0.048857 1.551794 2.222168 0.839467 0.484689 0.198684 0.001007 0.041508 1.115082 1.031670 1.007291 1.001922 1.000003 1.000009
452.000000 14.938833 0.613332 2.102837 0.170465 0.004535 0.035193 4.402535 2.033132 4.801845 2.008036 0.047829 1.456614 2.269645 0.827864 0.460240 0.202191 0.000994 0.039668 1.111425 1.032103 1.007103 1.001949 1.000003 1.000009
452.500000 15.776647 0.605343 2.047710 0.173577 0.004584 0.033644 4.526141 1.994727 4.549424 2.020040 0.046827 1.367317 2.316821 0.816329 0.436824 0.205772 0.000981 0.037909 1.107809 1.032535 1.006915 1.001976 1.000003 1.000008
453.000000 16.644969 0.597264 1.992154 0.176745 0.004634 0.032150 4.648864 1.956402 4.306284 2.032100 0.045846 1.282930 2.362730 0.804682 0.414215 0.209416 0.000969 0.036212 1.104247 1.032970 1.006728 1.002003 1.000003 1.000008
453.500000 17.541049 0.589173 1.937163 0.179964 0.004685 0.030720 4.770200 1.918466 4.074656 2.044237 0.044889 1.203765 2.407213 0.793032 0.392627 0.213116 0.000956 0.034589 1.100761 1.033403 1.006544 1.002031 1.000003 1.000007
454.000000 18.471801 0.581174 1.883940 0.183255 0.004736 0.029363 4.891458 1.881240 3.856278 2.056672 0.043956 1.129899 2.450913 0.781522 0.372235 0.216899 0.000944 0.033050 1.097347 1.033833 1.006364 1.002059 1.000003 1.000007
454.500000 19.441992 0.573333 1.833108 0.186632 0.004787 0.028082 5.013469 1.844934 3.651707 2.069560 0.043049 1.061222 2.494241 0.770244 0.353098 0.220780 0.000932 0.031596 1.094006 1.034257 1.006190 1.002088 1.000003 1.000006
455.000000 20.458713 0.565707 1.785183 0.190109 0.004840 0.026877 5.137243 1.809700 3.461013 2.083001 0.042169 0.997513 2.537659 0.759275 0.335231 0.224775 0.000921 0.030229 1.090737 1.034673 1.006023 1.002117 1.000003 1.000006
455.500000 21.528764 0.558369 1.740579 0.193699 0.004895 0.025750 5.264034 1.775792 3.284396 2.097180 0.041316 0.938679 2.581761 0.748720 0.318658 0.228900 0.000909 0.028951 1.087537 1.035081 1.005864 1.002147 1.000003 1.000006
456.000000 22.664123 0.551355 1.699426 0.197429 0.004950 0.024697 5.395674 1.743292 3.121140 2.112355 0.040491 0.884365 2.627331 0.738625 0.303316 0.233188 0.000898 0.027758 1.084390 1.035480 1.005712 1.002178 1.000003 1.000005
456.500000 23.870851 0.544690 1.661708 0.201303 0.005008 0.023716 5.532829 1.712268 2.970546 2.128566 0.039694 0.834299 2.674644 0.729025 0.289143 0.237643 0.000887 0.026646 1.081296 1.035868 1.005568 1.002210 1.000003 1.000005
457.000000 25.155953 0.538345 1.627088 0.205333 0.005067 0.022799 5.675925 1.682587 2.831152 2.145850 0.038923 0.788000 2.723810 0.719877 0.276007 0.242278 0.000877 0.025607 1.078252 1.036248 1.005431 1.002242 1.000003 1.000005
457.500000 26.519227 0.532306 1.595253 0.209508 0.005127 0.021942 5.824478 1.654217 2.702030 2.164142 0.038178 0.745192 2.774601 0.711165 0.263821 0.247082 0.000867 0.024636 1.075272 1.036617 1.005301 1.002276 1.000003 1.000004
458.000000 27.964872 0.526534 1.565788 0.213840 0.005189 0.021137 5.978459 1.627000 2.581860 2.183488 0.037457 0.705461 2.826941 0.702831 0.252462 0.252067 0.000857 0.023724 1.072359 1.036979 1.005176 1.002310 1.000003 1.000004
458.500000 29.494414 0.521010 1.538465 0.218324 0.005252 0.020380 6.137509 1.600872 2.469846 2.203839 0.036759 0.668549 2.880643 0.694849 0.241859 0.257228 0.000847 0.022867 1.069521 1.037331 1.005056 1.002346 1.000003 1.000004
459.000000 31.111939 0.515712 1.513098 0.222964 0.005317 0.019667 6.301438 1.575730 2.365162 2.225147 0.036082 0.634171 2.935570 0.687188 0.231935 0.262568 0.000838 0.022060 1.066767 1.037675 1.004941 1.002382 1.000003 1.000004
459.500000 32.814950 0.510624 1.489433 0.227751 0.005382 0.018994 6.469488 1.551537 2.267211 2.247378 0.035427 0.602147 2.991407 0.679826 0.222636 0.268078 0.000829 0.021299 1.064111 1.038011 1.004830 1.002419 1.000002 1.000004
460.000000 34.606150 0.505722 1.467277 0.232692 0.005449 0.018358 6.641349 1.528192 2.175285 2.270528 0.034791 0.572238 3.047984 0.672729 0.213895 0.273765 0.000820 0.020579 1.061561 1.038338 1.004724 1.002457 1.000002 1.000003
460.500000 36.488759 0.500981 1.446438 0.237796 0.005517 0.017755 6.816765 1.505597 2.088722 2.294639 0.034173 0.544220 3.105159 0.665861 0.205653 0.279640 0.000811 0.019896 1.059124 1.038659 1.004621 1.002496 1.000002 1.000003
461.000000 38.468841 0.496366 1.426731 0.243086 0.005586 0.017179 6.995542 1.483604 2.006799 2.319776 0.033571 0.517849 3.162785 0.659172 0.197840 0.285728 0.000803 0.019245 1.056807 1.038975 1.004522 1.002536 1.000002 1.000003
461.500000 40.541001 0.491866 1.408001 0.248553 0.005656 0.016630 7.176448 1.462185 1.929199 2.345880 0.032985 0.493024 3.220381 0.652647 0.190429 0.292019 0.000795 0.018624 1.054632 1.039285 1.004426 1.002577 1.000002 1.000003
462.000000 42.711547 0.487458 1.390119 0.254225 0.005728 0.016104 7.359456 1.441243 1.855404 2.373096 0.032413 0.469567 3.277898 0.646251 0.183371 0.298545 0.000786 0.018029 1.052605 1.039592 1.004333 1.002620 1.000002 1.000003
462.500000 44.980004 0.483128 1.372996 0.260112 0.005801 0.015599 7.543717 1.420722 1.785097 2.401434 0.031855 0.447367 3.334993 0.639967 0.176637 0.305315 0.000778 0.017458 1.050746 1.039897 1.004242 1.002664 1.000002 1.000003
463.000000 47.347516 0.478863 1.356584 0.266224 0.005877 0.015114 7.728425 1.400561 1.717972 2.430896 0.031309 0.426309 3.391340 0.633774 0.170198 0.312344 0.000770 0.016910 1.049072 1.040199 1.004154 1.002709 1.000002 1.000002
463.500000 49.828863 0.474694 1.341014 0.272592 0.005954 0.014649 7.915111 1.380855 1.654071 2.461734 0.030776 0.406377 3.447559 0.627716 0.164060 0.319667 0.000763 0.016384 1.047575 1.040499 1.004068 1.002756 1.000002 1.000002
464.000000 52.446949 0.470683 1.326574 0.279237 0.006033 0.014206 8.106543 1.361807 1.593689 2.494173 0.030257 0.387617 3.504747 0.621879 0.158252 0.327307 0.000755 0.015883 1.046232 1.040794 1.003985 1.002805 1.000002 1.000002
464.500000 55.231407 0.466876 1.313485 0.286187 0.006114 0.013786 8.305814 1.343552 1.536928 2.528462 0.029755 0.370025 3.564055 0.616327 0.152784 0.335299 0.000748 0.015409 1.045013 1.041084 1.003906 1.002855 1.000002 1.000002
465.000000 58.229316 0.463320 1.301991 0.293494 0.006198 0.013390 8.517596 1.326213 1.483827 2.564997 0.029268 0.353574 3.627145 0.611124 0.147660 0.343703 0.000741 0.014962 1.043877 1.041368 1.003829 1.002908 1.000002 1.000002
465.500000 61.498120 0.460069 1.292297 0.301214 0.006284 0.013019 8.747829 1.309957 1.434478 2.604301 0.028800 0.338263 3.696115 0.606346 0.142891 0.352587 0.000734 0.014544 1.042764 1.041645 1.003756 1.002964 1.000002 1.000002
466.000000 65.089413 0.457147 1.284466 0.309386 0.006372 0.012674 9.001002 1.294856 1.388792 2.646695 0.028350 0.324053 3.772428 0.602025 0.138467 0.361994 0.000727 0.014153 1.041638 1.041914 1.003686 1.003023 1.000002 1.000002
466.500000 69.070578 0.454568 1.278536 0.318064 0.006464 0.012351 9.282562 1.280934 1.346582 2.692582 0.027918 0.310874 3.857793 0.598181 0.134371 0.371989 0.000721 0.013789 1.040459 1.042176 1.003620 1.003085 1.000002 1.000002
467.000000 73.481109 0.452289 1.274268 0.327275 0.006558 0.012050 9.593760 1.268037 1.307362 2.742037 0.027502 0.298595 3.952317 0.594752 0.130557 0.382603 0.000714 0.013449 1.039241 1.042431 1.003556 1.003150 1.000002 1.000002
467.500000 78.303672 0.450221 1.271149 0.336989 0.006654 0.011764 9.929710 1.255901 1.270507 2.794683 0.027101 0.287069 4.053971 0.591619 0.126966 0.393799 0.000708 0.013127 1.038059 1.042681 1.003494 1.003219 1.000002 1.000002
468.000000 83.500856 0.448264 1.268645 0.347188 0.006752 0.011491 10.283173 1.244206 1.235340 2.850168 0.026710 0.276134 4.159946 0.588638 0.123534 0.405553 0.000702 0.012818 1.037012 1.042928 1.003434 1.003291 1.000002 1.000002
468.500000 89.021873 0.446349 1.266420 0.357829 0.006852 0.011226 10.646408 1.232748 1.201487 2.907997 0.026328 0.265699 4.267419 0.585718 0.120225 0.417815 0.000697 0.012519 1.036187 1.043172 1.003375 1.003366 1.000002 1.000002
469.000000 94.795667 0.444400 1.264138 0.368898 0.006954 0.010967 11.009467 1.221272 1.168490 2.967797 0.025952 0.255645 4.372888 0.582750 0.116996 0.430566 0.000691 0.012226 1.035690 1.043415 1.003317 1.003443 1.000002 1.000001
469.500000 100.662493 0.442338 1.261372 0.380294 0.007056 0.010711 11.355922 1.209567 1.136044 3.028664 0.025580 0.245910 4.470955 0.579627 0.113820 0.443686 0.000685 0.011938 1.035654 1.043655 1.003260 1.003522 1.000002 1.000001
470.000000 106.539899 0.440140 1.258032 0.392030 0.007160 0.010458 11.677466 1.197547 1.104006 3.090535 0.025212 0.236449 4.559079 0.576315 0.110682 0.457189 0.000679 0.011652 1.036142 1.043895 1.003203 1.003602 1.000002 1.000001
470.500000 112.412038 0.437853 1.254367 0.404108 0.007265 0.010209 11.973920 1.185367 1.072639 3.153440 0.024849 0.227310 4.637567 0.572883 0.107610 0.471076 0.000674 0.011372 1.037131 1.044133 1.003147 1.003685 1.000002 1.000001
471.000000 118.385143 0.435554 1.250806 0.416659 0.007372 0.009967 12.255243 1.173233 1.042198 3.218324 0.024491 0.218522 4.709910 0.569433 0.104625 0.485502 0.000668 0.011099 1.038534 1.044368 1.003093 1.003770 1.000002 1.000001
471.500000 124.604105 0.433341 1.247771 0.429789 0.007481 0.009733 12.535414 1.161444 1.013068 3.286140 0.024142 0.210162 4.780841 0.566102 0.101766 0.500592 0.000663 0.010836 1.040226 1.044601 1.003039 1.003858 1.000002 1.000001
472.000000 131.280618 0.431297 1.245663 0.443682 0.007593 0.009511 12.831791 1.150239 0.985490 3.358296 0.023804 0.202264 4.855872 0.563004 0.099053 0.516560 0.000657 0.010585 1.042083 1.044830 1.002988 1.003951 1.000002 1.000001
472.500000 138.671772 0.429492 1.244847 0.458555 0.007709 0.009301 13.163201 1.139808 0.959625 3.436355 0.023477 0.194844 4.940702 0.560234 0.096503 0.533658 0.000652 0.010349 1.043992 1.045056 1.002938 1.004051 1.000002 1.000001
473.000000 147.159091 0.428005 1.245740 0.474713 0.007829 0.009104 13.555897 1.130360 0.935628 3.522511 0.023164 0.187916 5.043006 0.557902 0.094129 0.552244 0.000647 0.010127 1.045824 1.045281 1.002890 1.004159 1.000002 1.000001
473.500000 157.237483 0.426921 1.248715 0.492485 0.007953 0.008923 14.042815 1.122140 0.913691 3.619187 0.022867 0.181508 5.172125 0.556124 0.091948 0.572699 0.000642 0.009923 1.047435 1.045503 1.002844 1.004278 1.000002 1.000001
474.000000 169.041271 0.426166 1.253396 0.511936 0.008082 0.008754 14.624320 1.114924 0.893433 3.726530 0.022582 0.175537 5.327033 0.554796 0.089923 0.595099 0.000638 0.009732 1.048934 1.045725 1.002800 1.004409 1.000002 1.000001
474.500000 182.568756 0.425643 1.259285 0.532989 0.008213 0.008594 15.290592 1.108439 0.874469 3.843665 0.022308 0.169927 5.503696 0.553789 0.088020 0.619350 0.000633 0.009552 1.050474 1.045945 1.002758 1.004551 1.000002 1.000001
475.000000 197.775039 0.425259 1.265952 0.555579 0.008348 0.008441 16.028306 1.102410 0.856433 3.969718 0.022042 0.164600 5.697158 0.552973 0.086205 0.645374 0.000629 0.009380 1.052218 1.046164 1.002716 1.004702 1.000002 1.000001
475.500000 214.389228 0.424914 1.272856 0.579530 0.008484 0.008293 16.810778 1.096565 0.839002 4.103135 0.021782 0.159495 5.898977 0.552213 0.084447 0.672962 0.000625 0.009213 1.054345 1.046381 1.002675 1.004862 1.000001 1.000001
476.000000 231.994253 0.424526 1.279584 0.604642 0.008622 0.008147 17.603840 1.090670 0.821931 4.242197 0.021526 0.154565 6.099047 0.551394 0.082724 0.701879 0.000620 0.009049 1.057008 1.046594 1.002635 1.005028 1.000001 1.000001
476.500000 250.023813 0.424026 1.285817 0.630731 0.008759 0.008003 18.367183 1.084538 0.805038 4.385323 0.021272 0.149771 6.286178 0.550424 0.081021 0.731909 0.000616 0.008887 1.060319 1.046802 1.002596 1.005200 1.000001 1.000001
477.000000 267.629758 0.423343 1.291259 0.657605 0.008897 0.007859 19.045956 1.077948 0.788112 4.530732 0.021018 0.145067 6.445835 0.549202 0.079319 0.762823 0.000612 0.008724 1.064388 1.047004 1.002557 1.005374 1.000001 1.000001
477.500000 283.768374 0.422431 1.295623 0.684887 0.009035 0.007714 19.583006 1.070796 0.771099 4.675750 0.020764 0.140447 6.563901 0.547666 0.077614 0.794184 0.000608 0.008561 1.069217 1.047197 1.002518 1.005549 1.000001 1.000001
478.000000 298.675294 0.421375 1.299358 0.712927 0.009173 0.007570 20.001252 1.063305 0.754194 4.822702 0.020512 0.135936 6.648015 0.545933 0.075923 0.826395 0.000603 0.008400 1.074633 1.047384 1.002479 1.005727 1.000001 1.000001
478.500000 312.520215 0.420236 1.302771 0.741899 0.009313 0.007428 20.318601 1.055639 0.737552 4.972711 0.020262 0.131554 6.704137 0.544084 0.074260 0.859660 0.000599 0.008240 1.080487 1.047566 1.002441 1.005908 1.000001 1.000001
479.000000 325.633318 0.419067 1.306185 0.772079 0.009455 0.007289 20.559152 1.047933 0.721278 5.127469 0.020016 0.127311 6.739451 0.542193 0.072635 0.894298 0.000595 0.008084 1.086661 1.047745 1.002403 1.006096 1.000001 1.000001
479.500000 338.565320 0.417929 1.309887 0.803901 0.009600 0.007154 20.757513 1.040353 0.705487 5.289759 0.019774 0.123222 6.763525 0.540343 0.071057 0.930810 0.000591 0.007932 1.093051 1.047922 1.002367 1.006292 1.000001 1.000001
480.000000 352.075739 0.416887 1.314219 0.837942 0.009750 0.007023 20.955134 1.033071 0.690304 5.463236 0.019537 0.119303 6.787143 0.538624 0.069537 0.969864 0.000587 0.007785 1.099575 1.048100 1.002331 1.006501 1.000001 1.000001
480.500000 366.994856 0.415996 1.319518 0.874955 0.009905 0.006897 21.190844 1.026218 0.675803 5.652457 0.019308 0.115558 6.819837 0.537106 0.068080 1.012332 0.000583 0.007643 1.106204 1.048280 1.002296 1.006728 1.000001 1.000001
481.000000 384.304945 0.415303 1.326119 0.915919 0.010066 0.006777 21.505448 1.019910 0.662045 5.863246 0.019086 0.111989 6.871077 0.535858 0.066692 1.059343 0.000579 0.007508 1.112954 1.048465 1.002262 1.006980 1.000001 1.000001
481.500000 404.518854 0.414817 1.334067 0.961566 0.010234 0.006662 21.913262 1.014167 0.649015 6.099725 0.018871 0.108592 6.943437 0.534887 0.065371 1.111740 0.000575 0.007379 1.119871 1.048656 1.002229 1.007262 1.000001 1.000001
482.000000 427.217381 0.414485 1.343076 1.011995 0.010409 0.006551 22.384039 1.008852 0.636590 6.361811 0.018662 0.105348 7.028726 0.534125 0.064106 1.169632 0.000572 0.007255 1.126997 1.048849 1.002196 1.007572 1.000001 1.000001
482.500000 452.198273 0.414275 1.352984 1.067498 0.010588 0.006445 22.899610 1.003882 0.624691 6.650579 0.018459 0.102241 7.121947 0.533526 0.062889 1.233348 0.000568 0.007135 1.134351 1.049044 1.002165 1.007914 1.000001 1.000001
483.000000 479.174617 0.414157 1.363681 1.128315 0.010773 0.006342 23.439028 0.999170 0.613247 6.966676 0.018261 0.099257 7.217706 0.533050 0.061716 1.303164 0.000565 0.007019 1.141922 1.049240 1.002134 1.008287 1.000001 1.000001
483.500000 507.517330 0.414095 1.374901 1.194390 0.010962 0.006242 23.972882 0.994644 0.602205 7.309170 0.018066 0.096391 7.309221 0.532652 0.060582 1.379006 0.000561 0.006907 1.149642 1.049434 1.002103 1.008691 1.000001 1.000000
484.000000 536.467582 0.414057 1.386477 1.265767 0.011154 0.006145 24.467673 0.990214 0.591487 7.677476 0.017876 0.093630 7.389165 0.532286 0.059480 1.460919 0.000558 0.006798 1.157436 1.049625 1.002073 1.009124 1.000001 1.000000
484.500000 565.122550 0.414017 1.398225 1.342161 0.011349 0.006050 24.891145 0.985820 0.581061 8.069247 0.017688 0.090967 7.451168 0.531918 0.058408 1.548570 0.000555 0.006691 1.165167 1.049811 1.002044 1.009584 1.000001 1.000000
485.000000 592.833538 0.413962 1.410128 1.423633 0.011547 0.005957 25.222226 0.981420 0.570889 8.483980 0.017503 0.088394 7.491622 0.531530 0.057362 1.642021 0.000552 0.006587 1.172723 1.049992 1.002016 1.010071 1.000001 1.000000
485.500000 619.212821 0.413892 1.422146 1.510372 0.011747 0.005867 25.454576 0.977021 0.560966 8.922227 0.017321 0.085908 7.510387 0.531123 0.056343 1.741487 0.000548 0.006486 1.180002 1.050167 1.001987 1.010585 1.000001 1.000000
486.000000 644.501116 0.413825 1.434409 1.603197 0.011951 0.005778 25.602891 0.972663 0.551305 9.388060 0.017141 0.083507 7.511544 0.530722 0.055350 1.847906 0.000545 0.006387 1.186971 1.050337 1.001960 1.011130 1.000001 1.000000
486.500000 668.755100 0.413771 1.446994 1.702804 0.012158 0.005692 25.674439 0.968363 0.541904 9.884680 0.016964 0.081188 7.497480 0.530337 0.054384 1.962073 0.000542 0.006290 1.193591 1.050505 1.001932 1.011711 1.000001 1.000000
487.000000 692.093352 0.413737 1.460012 1.810033 0.012370 0.005608 25.677122 0.964133 0.532760 10.415883 0.016791 0.078945 7.470570 0.529979 0.053444 2.084949 0.000539 0.006196 1.199835 1.050669 1.001906 1.012331 1.000001 1.000000
487.500000 714.655613 0.413732 1.473522 1.925935 0.012587 0.005526 25.619639 0.959989 0.523868 10.986628 0.016620 0.076776 7.433274 0.529660 0.052528 2.217736 0.000536 0.006104 1.205695 1.050832 1.001879 1.012997 1.000001 1.000000
488.000000 736.771814 0.413768 1.487590 2.051709 0.012810 0.005446 25.516444 0.955962 0.515239 11.602679 0.016452 0.074681 7.389008 0.529394 0.051639 2.361805 0.000533 0.006014 1.211172 1.050993 1.001854 1.013714 1.000001 1.000000
488.500000 758.738914 0.413851 1.502357 2.189192 0.013039 0.005368 25.376283 0.952059 0.506858 12.272753 0.016287 0.072653 7.339855 0.529192 0.050773 2.519260 0.000530 0.005927 1.216287 1.051155 1.001828 1.014494 1.000001 1.000000
489.000000 780.659957 0.413986 1.517869 2.339679 0.013274 0.005292 25.204253 0.948288 0.498731 13.002553 0.016126 0.070692 7.287245 0.529058 0.049932 2.691580 0.000527 0.005842 1.221025 1.051316 1.001803 1.015342 1.000001 1.000000
489.500000 802.630228 0.414176 1.534189 2.505068 0.013517 0.005218 25.003485 0.944649 0.490844 13.800685 0.015967 0.068794 7.232166 0.528995 0.049114 2.880933 0.000524 0.005759 1.225387 1.051479 1.001779 1.016269 1.000001 1.000000
490.000000 824.631774 0.414419 1.551303 2.687092 0.013768 0.005146 24.775717 0.941145 0.483192 14.674786 0.015811 0.066958 7.175373 0.529003 0.048319 3.089298 0.000521 0.005678 1.229367 1.051641 1.001755 1.017283 1.000001 1.000000
490.500000 846.702262 0.414716 1.569246 2.887655 0.014026 0.005076 24.523374 0.937776 0.475773 15.633044 0.015658 0.065182 7.117718 0.529082 0.047545 3.318847 0.000518 0.005599 1.232959 1.051804 1.001732 1.018393 1.000001 1.000000
491.000000 868.938698 0.415069 1.588125 3.109290 0.014292 0.005007 24.248333 0.934537 0.468577 16.686379 0.015508 0.063462 7.059913 0.529235 0.046793 3.572471 0.000516 0.005522 1.236166 1.051968 1.001708 1.019612 1.000001 1.000000
491.500000 891.469914 0.415479 1.607956 3.354895 0.014567 0.004941 23.955153 0.931436 0.461602 17.847660 0.015361 0.061798 7.003145 0.529464 0.046062 3.853482 0.000513 0.005448 1.238999 1.052132 1.001686 1.020955 1.000001 1.000000
492.000000 914.274439 0.415946 1.628728 3.627226 0.014851 0.004876 23.644836 0.928472 0.454844 19.128518 0.015217 0.060188 6.947969 0.529767 0.045351 4.165019 0.000510 0.005375 1.241465 1.052297 1.001663 1.022434 1.000001 1.000000
492.500000 937.382550 0.416469 1.650524 3.929909 0.015143 0.004812 23.317493 0.925638 0.448291 20.544285 0.015075 0.058629 6.894800 0.530144 0.044660 4.511219 0.000508 0.005304 1.243572 1.052462 1.001642 1.024067 1.000001 1.000000
493.000000 960.611160 0.417043 1.673372 4.265500 0.015445 0.004750 22.970230 0.922921 0.441932 22.104277 0.014936 0.057119 6.843633 0.530589 0.043987 4.894989 0.000505 0.005235 1.245319 1.052628 1.001620 1.025864 1.000001 1.000000
493.500000 983.631706 0.417663 1.697261 4.635447 0.015756 0.004690 22.598692 0.920304 0.435759 23.811776 0.014799 0.055655 6.794292 0.531093 0.043332 5.317959 0.000503 0.005167 1.246704 1.052794 1.001599 1.027829 1.000001 1.000000
494.000000 1006.024737 0.418319 1.722091 5.039843 0.016077 0.004631 22.199392 0.917776 0.429758 25.663302 0.014665 0.054237 6.746747 0.531647 0.042693 5.780202 0.000500 0.005101 1.247747 1.052959 1.001578 1.029957 1.000001 1.000000
494.500000 1027.449621 0.419008 1.747899 5.477067 0.016407 0.004574 21.769249 0.915319 0.423917 27.646225 0.014532 0.052861 6.701072 0.532242 0.042071 6.279829 0.000498 0.005037 1.248468 1.053123 1.001558 1.032232 1.000001 1.000000
495.000000 1047.507007 0.419721 1.774652 5.941711 0.016746 0.004517 21.306699 0.912917 0.418230 29.729684 0.014402 0.051527 6.657516 0.532870 0.041463 6.810616 0.000495 0.004974 1.248901 1.053285 1.001537 1.034618 1.000001 1.000000
495.500000 1065.562321 0.420451 1.802358 6.422880 0.017095 0.004462 20.806162 0.910544 0.412680 31.855948 0.014273 0.050230 6.615739 0.533519 0.040870 7.360051 0.000493 0.004913 1.249085 1.053445 1.001518 1.037048 1.000001 1.000000
496.000000 1081.307971 0.421190 1.830841 6.905355 0.017453 0.004409 20.272434 0.908201 0.407266 33.949618 0.014146 0.048974 6.576596 0.534182 0.040290 7.910692 0.000490 0.004852 1.249094 1.053601 1.001498 1.039434 1.000001 1.000000
496.500000 1094.642396 0.421939 1.860174 7.371737 0.017819 0.004356 19.709210 0.905883 0.401983 35.925902 0.014021 0.047754 6.540767 0.534857 0.039724 8.442614 0.000488 0.004793 1.249002 1.053754 1.001479 1.041677 1.000001 1.000000
497.000000 1105.976527 0.422705 1.890514 7.807437 0.018196 0.004304 19.126034 0.903601 0.396829 37.716492 0.013898 0.046569 6.509671 0.535557 0.039172 8.939135 0.000486 0.004736 1.248891 1.053905 1.001460 1.043699 1.000001 1.000000
497.500000 1115.884560 0.423499 1.922008 8.199483 0.018584 0.004254 18.533697 0.901375 0.391808 39.263632 0.013777 0.045419 6.484801 0.536292 0.038632 9.385440 0.000483 0.004679 1.248837 1.054055 1.001442 1.045433 1.000001 1.000000
498.000000 1125.119379 0.424331 1.954678 8.539740 0.018983 0.004205 17.945256 0.899241 0.386933 40.535795 0.013657 0.044306 6.467804 0.537078 0.038107 9.772268 0.000481 0.004624 1.248911 1.054203 1.001423 1.046844 1.000001 1.000000
498.500000 1134.319784 0.425211 1.988755 8.822501 0.019395 0.004157 17.367433 0.897214 0.382204 41.512635 0.013540 0.043226 6.459739 0.537927 0.037595 10.093141 0.000479 0.004571 1.249157 1.054352 1.001406 1.047909 1.000001 1.000000
499.000000 1144.144900 0.426148 2.024446 9.046159 0.019820 0.004110 16.806334 0.895313 0.377629 42.194103 0.013425 0.042180 6.461666 0.538853 0.037096 10.346282 0.000477 0.004518 1.249605 1.054501 1.001388 1.048630 1.000001 1.000000
499.500000 1155.743950 0.427163 2.062091 9.222382 0.020261 0.004064 16.270177 0.893574 0.373213 42.641386 0.013312 0.041166 6.475411 0.539879 0.036612 10.545086 0.000475 0.004467 1.250284 1.054654 1.001371 1.049077 1.000001 1.000000
500.000000 1169.515683 0.428256 2.101671 9.352228 0.020717 0.004020 15.761755 0.892013 0.368963 42.866678 0.013202 0.040186 6.501654 0.541009 0.036141 10.690811 0.000473 0.004418 1.251213 1.054809 1.001354 1.049265 1.000001 1.000000
500.500000 1185.681445 0.429432 2.143440 9.434268 0.021190 0.003976 15.278189 0.890628 0.364871 42.868416 0.013094 0.039237 6.540820 0.542247 0.035683 10.781863 0.000470 0.004370 1.252413 1.054967 1.001337 1.049193 1.000001 1.000000
501.000000 1203.548762 0.430683 2.187465 9.450410 0.021681 0.003934 14.810328 0.889391 0.360919 42.570024 0.012989 0.038315 6.592051 0.543582 0.035236 10.797602 0.000468 0.004322 1.253934 1.055128 1.001320 1.048776 1.000001 1.000000
501.500000 1222.143357 0.431989 2.233563 9.381601 0.022190 0.003893 14.351172 0.888268 0.357094 41.894775 0.012885 0.037421 6.653979 0.544988 0.034800 10.716326 0.000466 0.004276 1.255830 1.055292 1.001304 1.047928 1.000001 1.000000
502.000000 1239.996063 0.433334 2.281491 9.206523 0.022715 0.003852 13.891829 0.887222 0.353370 40.758022 0.012783 0.036551 6.724397 0.546444 0.034373 10.513748 0.000464 0.004231 1.258198 1.055456 1.001288 1.046554 1.000001 1.000000
502.500000 1255.913062 0.434705 2.331219 8.919447 0.023257 0.003812 13.426359 0.886219 0.349730 39.145896 0.012683 0.035704 6.801415 0.547931 0.033955 10.183407 0.000462 0.004186 1.261127 1.055620 1.001273 1.044641 1.000001 1.000000
503.000000 1268.611713 0.436087 2.382602 8.526197 0.023815 0.003773 12.951230 0.885224 0.346158 37.096100 0.012584 0.034878 6.882617 0.549430 0.033543 9.732043 0.000460 0.004143 1.264702 1.055783 1.001257 1.042235 1.000001 1.000000
503.500000 1275.952890 0.437458 2.435301 8.032402 0.024390 0.003735 12.460418 0.884188 0.342628 34.644254 0.012487 0.034071 6.963529 0.550912 0.033138 9.166159 0.000458 0.004099 1.269028 1.055944 1.001242 1.039380 1.000001 1.000000
504.000000 1276.989047 0.438809 2.489021 7.469364 0.024979 0.003696 11.957054 0.883096 0.339129 31.935660 0.012390 0.033282 7.040853 0.552363 0.032738 8.521547 0.000457 0.004057 1.274151 1.056101 1.001227 1.036242 1.000001 1.000000
504.500000 1271.049473 0.440135 2.543724 6.869532 0.025584 0.003659 11.444096 0.881933 0.335652 29.114660 0.012294 0.032510 7.111335 0.553777 0.032343 7.835275 0.000455 0.004015 1.280086 1.056255 1.001212 1.032987 1.000001 1.000000
505.000000 1259.048328 0.441446 2.599595 6.272466 0.026206 0.003621 10.931274 0.880720 0.332205 26.351288 0.012200 0.031756 7.174321 0.555168 0.031953 7.152493 0.000453 0.003973 1.286773 1.056405 1.001197 1.029807 1.000001 1.000000
505.500000 1242.375459 0.442754 2.656708 5.707131 0.026845 0.003585 10.429243 0.879495 0.328802 23.766145 0.012106 0.031020 7.230075 0.556554 0.031570 6.506222 0.000451 0.003932 1.294117 1.056553 1.001183 1.026839 1.000001 1.000000
506.000000 1223.359316 0.444088 2.715517 5.193703 0.027502 0.003548 9.948639 0.878321 0.325469 21.438888 0.012014 0.030305 7.281740 0.557970 0.031194 5.919437 0.000449 0.003892 1.302018 1.056701 1.001168 1.024170 1.000001 1.000000
506.500000 1203.585849 0.445468 2.776556 4.737258 0.028180 0.003513 9.494287 0.877238 0.322222 19.384003 0.011924 0.029610 7.331925 0.559444 0.030827 5.397878 0.000447 0.003852 1.310410 1.056850 1.001154 1.021815 1.000001 1.000000
507.000000 1184.544348 0.446914 2.840416 4.337389 0.028882 0.003478 9.069274 0.876288 0.319079 17.593193 0.011836 0.028935 7.383876 0.561003 0.030468 4.941036 0.000446 0.003814 1.319254 1.057001 1.001140 1.019765 1.000001 1.000000
507.500000 1168.435614 0.448456 2.907758 3.993948 0.029610 0.003445 8.678199 0.875537 0.316070 16.059879 0.011750 0.028283 7.443513 0.562685 0.030118 4.548698 0.000444 0.003776 1.328531 1.057158 1.001127 1.018009 1.000001 1.000000
508.000000 1156.293515 0.450113 2.979258 3.699688 0.030368 0.003412 8.320093 0.875029 0.313208 14.748723 0.011666 0.027652 7.514843 0.564516 0.029779 4.212561 0.000442 0.003740 1.338299 1.057321 1.001113 1.016507 1.000001 1.000000
508.500000 1149.013785 0.451899 3.055592 3.448261 0.031157 0.003380 7.993343 0.874786 0.310510 13.629178 0.011585 0.027043 7.602013 0.566514 0.029450 3.925358 0.000441 0.003704 1.348628 1.057491 1.001100 1.015223 1.000001 1.000000
509.000000 1146.076649 0.453812 3.137243 3.229675 0.031982 0.003349 7.692429 0.874799 0.307967 12.657004 0.011507 0.026454 7.705298 0.568676 0.029130 3.675680 0.000439 0.003670 1.359629 1.057670 1.001087 1.014107 1.000001 1.000000
509.500000 1146.749641 0.455833 3.223903 3.037213 0.032838 0.003319 7.414205 0.875039 0.305571 11.802868 0.011431 0.025885 7.823218 0.570977 0.028819 3.455854 0.000437 0.003636 1.371319 1.057854 1.001074 1.013127 1.000001 1.000000
510.000000 1148.849055 0.457936 3.315293 2.861809 0.033726 0.003289 7.152192 0.875446 0.303288 11.028543 0.011356 0.025334 7.949395 0.573384 0.028516 3.255542 0.000436 0.003603 1.383719 1.058042 1.001062 1.012238 1.000001 1.000000
510.500000 1151.008921 0.460101 3.411149 2.699430 0.034644 0.003260 6.903517 0.875972 0.301098 10.316614 0.011284 0.024799 8.079073 0.575867 0.028219 3.070137 0.000434 0.003571 1.396775 1.058233 1.001049 1.011422 1.000001 1.000000
511.000000 1151.881281 0.462308 3.511188 2.547159 0.035592 0.003232 6.666209 0.876578 0.298981 9.654449 0.011212 0.024279 8.206876 0.578404 0.027928 2.896315 0.000433 0.003539 1.410394 1.058425 1.001037 1.010664 1.000001 1.000000
511.500000 1149.721575 0.464533 3.614737 2.402550 0.036568 0.003204 6.438906 0.877216 0.296911 9.031642 0.011142 0.023773 8.324905 0.580960 0.027642 2.731280 0.000431 0.003508 1.424379 1.058616 1.001025 1.009952 1.000001 1.000000
512.000000 1143.224821 0.466752 3.720879 2.264793 0.037565 0.003176 6.221883 0.877845 0.294868 8.444390 0.011073 0.023280 8.425770 0.583506 0.027360 2.574107 0.000429 0.003477 1.438446 1.058804 1.001013 1.009282 1.000001 1.000000
512.500000 1131.249619 0.468950 3.829182 2.133111 0.038585 0.003149 6.014912 0.878429 0.292830 7.888815 0.011004 0.022799 8.502504 0.586023 0.027083 2.423907 0.000428 0.003447 1.452305 1.058987 1.001002 1.008650 1.000001 1.000000
513.000000 1113.620456 0.471122 3.939292 2.007800 0.039626 0.003122 5.818931 0.878957 0.290789 7.365265 0.010936 0.022329 8.551459 0.588501 0.026808 2.281010 0.000426 0.003417 1.465688 1.059165 1.000990 1.008056 1.000000 1.000000
513.500000 1090.835898 0.473273 4.051093 1.889258 0.040689 0.003096 5.634874 0.879438 0.288741 6.874476 0.010869 0.021871 8.571896 0.590948 0.026538 2.145861 0.000425 0.003387 1.478399 1.059338 1.000979 1.007500 1.000000 1.000000
514.000000 1064.659575 0.475421 4.165008 1.778614 0.041775 0.003069 5.464025 0.879915 0.286703 6.419923 0.010803 0.021425 8.569334 0.593388 0.026271 2.019743 0.000423 0.003358 1.490420 1.059508 1.000967 1.006986 1.000000 1.000000
514.500000 1036.243096 0.477579 4.281629 1.675992 0.042888 0.003044 5.306316 0.880411 0.284685 6.001185 0.010737 0.020990 8.547761 0.595839 0.026009 1.902787 0.000422 0.003329 1.501749 1.059676 1.000956 1.006513 1.000000 1.000000
515.000000 1006.565137 0.479761 4.401557 1.581186 0.044031 0.003018 5.161314 0.880950 0.282697 5.616703 0.010673 0.020566 8.511036 0.598317 0.025751 1.794755 0.000421 0.003301 1.512421 1.059844 1.000945 1.006079 1.000000 1.000000
515.500000 976.565784 0.481982 4.525361 1.493880 0.045206 0.002993 5.028492 0.881562 0.280749 5.264625 0.010610 0.020154 8.463357 0.600841 0.025498 1.695283 0.000419 0.003273 1.522513 1.060012 1.000935 1.005682 1.000000 1.000000
516.000000 947.195697 0.484255 4.653609 1.413844 0.046415 0.002969 4.907324 0.882278 0.278855 4.943503 0.010548 0.019754 8.409534 0.603429 0.025250 1.604104 0.000418 0.003246 1.532140 1.060182 1.000924 1.005320 1.000000 1.000000
516.500000 919.069663 0.486592 4.787387 1.340597 0.047662 0.002945 4.796844 0.883119 0.277028 4.650927 0.010488 0.019365 8.353534 0.606097 0.025006 1.520667 0.000416 0.003219 1.541440 1.060355 1.000913 1.004991 1.000000 1.000000
517.000000 892.582640 0.489010 4.927884 1.273529 0.048954 0.002921 4.696043 0.884111 0.275280 4.384109 0.010429 0.018987 8.298442 0.608866 0.024768 1.444276 0.000415 0.003193 1.550559 1.060533 1.000903 1.004691 1.000000 1.000000
517.500000 867.785710 0.491516 5.075835 1.211969 0.050293 0.002898 4.604023 0.885265 0.273615 4.140186 0.010372 0.018619 8.245350 0.611744 0.024535 1.374165 0.000414 0.003167 1.559558 1.060716 1.000893 1.004416 1.000000 1.000000
518.000000 844.160075 0.494095 5.230738 1.155187 0.051677 0.002875 4.520011 0.886559 0.272022 3.916210 0.010316 0.018262 8.191600 0.614712 0.024306 1.309501 0.000412 0.003142 1.568301 1.060903 1.000883 1.004164 1.000000 1.000000
518.500000 821.306699 0.496741 5.392932 1.102520 0.053107 0.002853 4.443092 0.887973 0.270492 3.709437 0.010262 0.017915 8.135387 0.617763 0.024081 1.249530 0.000411 0.003117 1.576708 1.061094 1.000873 1.003932 1.000000 1.000000
519.000000 798.925446 0.499452 5.562648 1.053428 0.054588 0.002831 4.372497 0.889497 0.269018 3.517644 0.010208 0.017577 8.075183 0.620892 0.023861 1.193636 0.000410 0.003092 1.584699 1.061287 1.000863 1.003716 1.000000 1.000000
519.500000 776.872618 0.502208 5.739111 1.007650 0.056112 0.002809 4.307835 0.891107 0.267590 3.339720 0.010156 0.017248 8.009940 0.624078 0.023644 1.141522 0.000408 0.003068 1.592156 1.061482 1.000853 1.003517 1.000000 1.000000
520.000000 754.794778 0.505017 5.922537 0.964614 0.057685 0.002788 4.248189 0.892802 0.266197 3.173394 0.010105 0.016927 7.937520 0.627325 0.023432 1.092535 0.000407 0.003045 1.598986 1.061679 1.000844 1.003330 1.000000 1.000000
520.500000 732.625838 0.507858 6.112219 0.924183 0.059302 0.002767 4.193197 0.894555 0.264828 3.018014 0.010055 0.016614 7.857342 0.630612 0.023222 1.046521 0.000406 0.003021 1.605080 1.061876 1.000834 1.003156 1.000000 1.000000
521.000000 710.215015 0.510731 6.308011 0.886048 0.060966 0.002746 4.142217 0.896352 0.263473 2.872293 0.010006 0.016309 7.768381 0.633934 0.023016 1.003125 0.000404 0.002998 1.610357 1.062073 1.000825 1.002993 1.000000 1.000000
521.500000 687.518637 0.513628 6.509357 0.850002 0.062675 0.002726 4.094708 0.898185 0.262119 2.735365 0.009957 0.016012 7.670166 0.637284 0.022814 0.962112 0.000403 0.002976 1.614746 1.062270 1.000816 1.002841 1.000000 1.000000
522.000000 664.915968 0.516556 6.716570 0.816009 0.064431 0.002706 4.050323 0.900067 0.260773 2.606962 0.009910 0.015721 7.565358 0.640669 0.022614 0.923440 0.000402 0.002954 1.618359 1.062466 1.000807 1.002698 1.000000 1.000000
522.500000 642.653640 0.519525 6.930961 0.783959 0.066240 0.002686 4.008682 0.902012 0.259442 2.486522 0.009863 0.015438 7.456139 0.644104 0.022418 0.886983 0.000401 0.002932 1.621319 1.062663 1.000798 1.002564 1.000000 1.000000
523.000000 620.952781 0.522543 7.153496 0.753773 0.068107 0.002667 3.969522 0.904031 0.258133 2.373638 0.009817 0.015161 7.344501 0.647597 0.022224 0.852651 0.000399 0.002910 1.623735 1.062861 1.000789 1.002438 1.000000 1.000000
523.500000 600.065425 0.525611 7.384983 0.725421 0.070034 0.002648 3.932708 0.906134 0.256856 2.268093 0.009772 0.014892 7.232717 0.651151 0.022035 0.820409 0.000398 0.002889 1.625731 1.063061 1.000780 1.002321 1.000000 1.000000
524.000000 580.071927 0.528750 7.627329 0.698719 0.072030 0.002629 3.897898 0.908350 0.255619 2.169135 0.009728 0.014629 7.121948 0.654792 0.021848 0.790046 0.000397 0.002868 1.627423 1.063265 1.000772 1.002212 1.000000 1.000000
524.500000 561.095922 0.531961 7.881937 0.673626 0.074100 0.002611 3.865065 0.910682 0.254433 2.076518 0.009685 0.014373 7.013732 0.658520 0.021665 0.761516 0.000396 0.002847 1.628906 1.063472 1.000763 1.002109 1.000000 1.000000
525.000000 543.182173 0.535255 8.151247 0.650028 0.076253 0.002592 3.834101 0.913146 0.253309 1.989746 0.009643 0.014123 6.909093 0.662351 0.021486 0.734689 0.000395 0.002827 1.630282 1.063684 1.000755 1.002013 1.000000 1.000000
525.500000 526.486615 0.538643 8.437992 0.627880 0.078497 0.002575 3.805035 0.915762 0.252268 1.908583 0.009602 0.013879 6.809880 0.666299 0.021309 0.709511 0.000394 0.002807 1.631695 1.063902 1.000747 1.001924 1.000000 1.000000
526.000000 510.864309 0.542132 8.743838 0.607014 0.080839 0.002557 3.777636 0.918541 0.251311 1.832405 0.009563 0.013642 6.715360 0.670371 0.021136 0.685793 0.000392 0.002788 1.633136 1.064127 1.000739 1.001840 1.000000 1.000000
526.500000 496.077281 0.545709 9.069301 0.587305 0.083282 0.002540 3.751749 0.921454 0.250426 1.760723 0.009525 0.013410 6.623974 0.674550 0.020966 0.663393 0.000391 0.002768 1.634499 1.064357 1.000731 1.001761 1.000000 1.000000
527.000000 481.894337 0.549369 9.414896 0.568599 0.085829 0.002523 3.727075 0.924489 0.249599 1.692966 0.009487 0.013183 6.534016 0.678831 0.020799 0.642135 0.000390 0.002750 1.635684 1.064592 1.000723 1.001686 1.000000 1.000000
527.500000 468.126289 0.553108 9.780769 0.550772 0.088486 0.002506 3.703325 0.927632 0.248815 1.628681 0.009451 0.012961 6.444004 0.683208 0.020635 0.621878 0.000389 0.002731 1.636588 1.064831 1.000715 1.001616 1.000000 1.000000
528.000000 454.625339 0.556908 10.164820 0.533749 0.091245 0.002490 3.680204 0.930859 0.248049 1.567601 0.009416 0.012744 6.352586 0.687658 0.020473 0.602538 0.000388 0.002713 1.637088 1.065074 1.000707 1.001549 1.000000 1.000000
528.500000 441.210333 0.560774 10.567805 0.517404 0.094120 0.002473 3.657415 0.934158 0.247280 1.509240 0.009381 0.012531 6.258358 0.692184 0.020313 0.583970 0.000387 0.002694 1.637095 1.065319 1.000700 1.001485 1.000000 1.000000
529.000000 427.846201 0.564688 10.986401 0.501707 0.097099 0.002457 3.634690 0.937512 0.246483 1.453500 0.009347 0.012323 6.160806 0.696767 0.020155 0.566140 0.000386 0.002677 1.636533 1.065566 1.000692 1.001424 1.000000 1.000000
529.500000 414.341838 0.568647 11.419568 0.486556 0.100198 0.002441 3.611733 0.940891 0.245624 1.399972 0.009314 0.012117 6.058351 0.701399 0.019999 0.548933 0.000385 0.002659 1.635278 1.065815 1.000685 1.001366 1.000000 1.000000
530.000000 400.734891 0.572634 11.860842 0.471938 0.103394 0.002426 3.588210 0.944287 0.244667 1.348643 0.009281 0.011916 5.950949 0.706060 0.019846 0.532335 0.000384 0.002641 1.633281 1.066063 1.000677 1.001310 1.000000 1.000000
530.500000 387.015708 0.576660 12.310274 0.457797 0.106707 0.002410 3.564016 0.947696 0.243594 1.299259 0.009248 0.011717 5.838725 0.710762 0.019693 0.516280 0.000383 0.002624 1.630559 1.066311 1.000670 1.001257 1.000000 1.000000
531.000000 373.336105 0.580714 12.765903 0.444169 0.110136 0.002395 3.539261 0.951109 0.242396 1.251906 0.009216 0.011522 5.723207 0.715495 0.019543 0.500809 0.000382 0.002607 1.627207 1.066558 1.000663 1.001206 1.000000 1.000000
531.500000 359.768756 0.584804 13.225873 0.431029 0.113687 0.002379 3.513890 0.954535 0.241061 1.206486 0.009185 0.011330 5.605169 0.720266 0.019394 0.485895 0.000381 0.002590 1.623288 1.066806 1.000656 1.001158 1.000000 1.000000
532.000000 346.537237 0.588907 13.686328 0.418452 0.117335 0.002364 3.488137 0.957964 0.239593 1.163235 0.009153 0.011143 5.486857 0.725050 0.019248 0.471621 0.000380 0.002573 1.618949 1.067051 1.000649 1.001111 1.000000 1.000000
532.500000 333.683519 0.593045 14.149127 0.406392 0.121103 0.002350 3.462074 0.961420 0.237996 1.121962 0.009123 0.010959 5.369030 0.729874 0.019104 0.457937 0.000379 0.002557 1.614289 1.067295 1.000642 1.001067 1.000000 1.000000
533.000000 321.291977 0.597209 14.612490 0.394864 0.124986 0.002335 3.435875 0.964896 0.236273 1.082689 0.009092 0.010779 5.252783 0.734726 0.018961 0.444858 0.000378 0.002541 1.609398 1.067537 1.000635 1.001026 1.000000 1.000000
533.500000 309.379283 0.601400 15.077485 0.383849 0.129002 0.002321 3.409713 0.968387 0.234426 1.045312 0.009062 0.010603 5.138682 0.739611 0.018821 0.432364 0.000377 0.002525 1.604341 1.067778 1.000628 1.000986 1.000000 1.000000
534.000000 298.040863 0.605609 15.540720 0.373363 0.133126 0.002306 3.383678 0.971903 0.232464 1.009887 0.009032 0.010431 5.027799 0.744517 0.018683 0.420470 0.000376 0.002509 1.599210 1.068017 1.000622 1.000948 1.000000 1.000000
534.500000 287.287393 0.609840 16.003356 0.363385 0.137368 0.002292 3.357917 0.975450 0.230401 0.976319 0.009002 0.010264 4.920600 0.749450 0.018547 0.409154 0.000375 0.002493 1.594070 1.068253 1.000615 1.000913 1.000000 1.000000
535.000000 277.099218 0.614097 16.467934 0.353889 0.141750 0.002279 3.332591 0.979026 0.228241 0.944484 0.008972 0.010100 4.817277 0.754416 0.018414 0.398386 0.000374 0.002478 1.588964 1.068487 1.000608 1.000879 1.000000 1.000000
535.500000 267.458394 0.618393 16.935201 0.344838 0.146282 0.002265 3.307684 0.982652 0.225993 0.914252 0.008943 0.009941 4.717838 0.759430 0.018282 0.388125 0.000373 0.002463 1.583923 1.068722 1.000602 1.000847 1.000000 1.000000
536.000000 258.348798 0.622729 17.405923 0.336214 0.150975 0.002252 3.283272 0.986329 0.223661 0.885543 0.008915 0.009785 4.622362 0.764494 0.018153 0.378348 0.000373 0.002448 1.578971 1.068956 1.000596 1.000817 1.000000 1.000000
536.500000 249.720409 0.627125 17.882068 0.327969 0.155855 0.002238 3.259314 0.990081 0.221247 0.858188 0.008887 0.009632 4.530517 0.769630 0.018026 0.369003 0.000372 0.002433 1.574113 1.069191 1.000590 1.000789 1.000000 1.000000
537.000000 241.552968 0.631587 18.364863 0.320083 0.160939 0.002225 3.235847 0.993915 0.218753 0.832110 0.008859 0.009482 4.442274 0.774848 0.017901 0.360066 0.000371 0.002419 1.569365 1.069429 1.000583 1.000761 1.000000 1.000000
537.500000 233.812690 0.636145 18.858635 0.312513 0.166264 0.002213 3.212803 0.997874 0.216188 0.807162 0.008832 0.009336 4.357398 0.780182 0.017777 0.351487 0.000370 0.002405 1.564741 1.069673 1.000577 1.000735 1.000000 1.000000
538.000000 226.485955 0.640796 19.366032 0.305257 0.171854 0.002200 3.190338 1.001945 0.213555 0.783315 0.008806 0.009192 4.275982 0.785629 0.017655 0.343265 0.000369 0.002391 1.560256 1.069922 1.000571 1.000710 1.000000 1.000000
538.500000 219.522135 0.645570 19.890289 0.298270 0.177757 0.002187 3.168349 1.006164 0.210846 0.760421 0.008782 0.009051 4.197567 0.791225 0.017536 0.335349 0.000368 0.002377 1.555899 1.070178 1.000565 1.000687 1.000000 1.000000
539.000000 212.903693 0.650476 20.434481 0.291540 0.184009 0.002175 3.146873 1.010544 0.208063 0.738428 0.008758 0.008912 4.122089 0.796982 0.017418 0.327724 0.000367 0.002363 1.551677 1.070444 1.000560 1.000664 1.000000 1.000000
539.500000 206.612852 0.655542 21.003950 0.285042 0.190659 0.002163 3.125883 1.015121 0.205209 0.717257 0.008735 0.008776 4.049430 0.802932 0.017301 0.320364 0.000366 0.002350 1.547600 1.070721 1.000554 1.000642 1.000000 1.000000
540.000000 200.624421 0.660742 21.593358 0.278781 0.197713 0.002151 3.105407 1.019858 0.202266 0.696915 0.008714 0.008642 3.979405 0.809043 0.017186 0.313272 0.000365 0.002336 1.543639 1.071007 1.000548 1.000621 1.000000 1.000000
540.500000 194.878316 0.666081 22.194781 0.272723 0.205198 0.002139 3.085245 1.024756 0.199199 0.677297 0.008693 0.008509 3.911322 0.815322 0.017073 0.306412 0.000364 0.002323 1.539737 1.071301 1.000542 1.000601 1.000000 1.000000
541.000000 189.342850 0.671551 22.799397 0.266858 0.213129 0.002128 3.065314 1.029797 0.195984 0.658363 0.008674 0.008379 3.844841 0.821757 0.016961 0.299769 0.000364 0.002310 1.535858 1.071604 1.000537 1.000581 1.000000 1.000000
541.500000 183.999159 0.677124 23.396148 0.261185 0.221512 0.002116 3.045609 1.034942 0.192603 0.640109 0.008655 0.008251 3.779808 0.828317 0.016851 0.293346 0.000363 0.002297 1.531977 1.071913 1.000531 1.000563 1.000000 1.000000
542.000000 178.828196 0.682790 23.968203 0.255691 0.230314 0.002105 3.025917 1.040188 0.189046 0.622507 0.008637 0.008126 3.715902 0.834987 0.016742 0.287126 0.000362 0.002285 1.528058 1.072225 1.000526 1.000545 1.000000 1.000000
542.500000 173.795981 0.688546 24.503282 0.250359 0.239568 0.002093 3.006182 1.045516 0.185294 0.605491 0.008619 0.008002 3.652788 0.841762 0.016634 0.281090 0.000361 0.002272 1.524073 1.072542 1.000520 1.000528 1.000000 1.000000
543.000000 168.893654 0.694370 24.985392 0.245188 0.249261 0.002082 2.986366 1.050895 0.181347 0.589055 0.008602 0.007880 3.590382 0.848617 0.016527 0.275237 0.000360 0.002260 1.520005 1.072860 1.000515 1.000511 1.000000 1.000000
543.500000 164.112153 0.700228 25.393048 0.240176 0.259335 0.002071 2.966372 1.056287 0.177214 0.573200 0.008585 0.007761 3.528554 0.855510 0.016422 0.269566 0.000360 0.002248 1.515830 1.073177 1.000510 1.000495 1.000000 1.000000
544.000000 159.420739 0.706129 25.711453 0.235302 0.269817 0.002061 2.946090 1.061689 0.172899 0.557844 0.008568 0.007644 3.466953 0.862451 0.016317 0.264050 0.000359 0.002236 1.511522 1.073493 1.000505 1.000480 1.000000 1.000000
544.500000 154.841935 0.712059 25.936730 0.230572 0.280690 0.002050 2.925626 1.067089 0.168451 0.543009 0.008551 0.007528 3.405924 0.869425 0.016214 0.258698 0.000358 0.002224 1.507116 1.073807 1.000499 1.000465 1.000000 1.000000
545.000000 150.397705 0.718037 26.075662 0.225985 0.291973 0.002039 2.905054 1.072521 0.163928 0.528688 0.008533 0.007415 3.345792 0.876452 0.016111 0.253509 0.000357 0.002212 1.502658 1.074120 1.000494 1.000451 1.000000 1.000000
545.500000 146.100933 0.724075 26.140515 0.221543 0.303754 0.002029 2.884598 1.077995 0.159370 0.514869 0.008516 0.007304 3.286894 0.883550 0.016010 0.248485 0.000357 0.002201 1.498195 1.074434 1.000489 1.000437 1.000000 1.000000
546.000000 141.967830 0.730203 26.146810 0.217241 0.316111 0.002018 2.864364 1.083558 0.154823 0.501536 0.008499 0.007194 3.229512 0.890756 0.015909 0.243619 0.000356 0.002189 1.493774 1.074752 1.000484 1.000424 1.000000 1.000000
546.500000 138.016680 0.736438 26.108773 0.213082 0.329094 0.002008 2.844466 1.089243 0.150331 0.488697 0.008483 0.007087 3.173956 0.898090 0.015810 0.238916 0.000355 0.002178 1.489438 1.075075 1.000479 1.000411 1.000000 1.000000
547.000000 134.241984 0.742818 26.041091 0.209057 0.342873 0.001998 2.825033 1.095091 0.145903 0.476308 0.008468 0.006982 3.120286 0.905597 0.015712 0.234365 0.000354 0.002166 1.485211 1.075406 1.000475 1.000399 1.000000 1.000000
547.500000 130.666226 0.749352 25.962690 0.205175 0.357548 0.001988 2.806250 1.101127 0.141567 0.464395 0.008453 0.006878 3.068903 0.913292 0.015616 0.229976 0.000354 0.002155 1.481143 1.075746 1.000470 1.000387 1.000000 1.000000
548.000000 127.284869 0.756088 25.888930 0.201427 0.373335 0.001978 2.788200 1.107411 0.137321 0.452921 0.008440 0.006777 3.019839 0.921232 0.015521 0.225739 0.000353 0.002145 1.477257 1.076100 1.000465 1.000376 1.000000 1.000000
548.500000 124.100571 0.763032 25.829554 0.197814 0.390387 0.001969 2.770986 1.113957 0.133167 0.441889 0.008428 0.006678 2.973217 0.929425 0.015427 0.221655 0.000352 0.002134 1.473571 1.076468 1.000460 1.000365 1.000000 1.000000
549.000000 121.111026 0.770209 25.793318 0.194332 0.408876 0.001959 2.754617 1.120807 0.129104 0.431286 0.008417 0.006580 2.929040 0.937901 0.015334 0.217719 0.000351 0.002123 1.470094 1.076852 1.000456 1.000354 1.000000 1.000000
549.500000 118.287299 0.777626 25.774931 0.190969 0.429083 0.001950 2.739117 1.127944 0.125101 0.421062 0.008409 0.006485 2.887024 0.946669 0.015243 0.213918 0.000351 0.002113 1.466803 1.077252 1.000451 1.000345 1.000000 1.000000
550.000000 115.602742 0.785260 25.751754 0.187711 0.450915 0.001940 2.724107 1.135358 0.121183 0.411198 0.008402 0.006391 2.846644 0.955699 0.015154 0.210236 0.000350 0.002103 1.463632 1.077667 1.000447 1.000335 1.000000 1.000000
550.500000 113.021995 0.793061 25.699670 0.184552 0.474468 0.001931 2.709528 1.142951 0.117346 0.401659 0.008396 0.006299 2.807486 0.964929 0.015065 0.206666 0.000349 0.002092 1.460527 1.078092 1.000442 1.000326 1.000000 1.000000
551.000000 110.525588 0.801010 25.602088 0.181480 0.499674 0.001922 2.695107 1.150711 0.113621 0.392422 0.008391 0.006209 2.769175 0.974338 0.014977 0.203194 0.000349 0.002082 1.457441 1.078524 1.000438 1.000317 1.000000 1.000000
551.500000 108.087939 0.809077 25.440180 0.178485 0.526548 0.001913 2.680719 1.158578 0.110029 0.383455 0.008386 0.006120 2.731357 0.983885 0.014890 0.199811 0.000348 0.002072 1.454330 1.078961 1.000434 1.000308 1.000000 1.000000
552.000000 105.695311 0.817208 25.197677 0.175565 0.554866 0.001904 2.666185 1.166483 0.106616 0.374754 0.008380 0.006033 2.693786 0.993506 0.014804 0.196513 0.000347 0.002063 1.451153 1.079398 1.000429 1.000300 1.000000 1.000000
552.500000 103.329204 0.825406 24.865488 0.172707 0.584518 0.001895 2.651303 1.174424 0.103413 0.366281 0.008374 0.005947 2.656135 1.003201 0.014719 0.193285 0.000347 0.002053 1.447875 1.079834 1.000425 1.000292 1.000000 1.000000
553.000000 100.985560 0.833599 24.438253 0.169916 0.615192 0.001887 2.636055 1.182302 0.100459 0.358047 0.008366 0.005862 2.618370 1.012885 0.014634 0.190132 0.000346 0.002043 1.444479 1.080264 1.000421 1.000284 1.000000 1.000000
553.500000 98.636208 0.841781 23.903586 0.167173 0.646580 0.001878 2.620204 1.190086 0.097784 0.349996 0.008357 0.005779 2.580028 1.022548 0.014550 0.187035 0.000345 0.002034 1.440912 1.080686 1.000417 1.000276 1.000000 1.000000
554.000000 96.291469 0.849881 23.271405 0.164486 0.677953 0.001869 2.603675 1.197706 0.095428 0.342157 0.008344 0.005697 2.541207 1.032105 0.014467 0.184002 0.000345 0.002024 1.437173 1.081094 1.000412 1.000269 1.000000 1.000000
554.500000 93.968361 0.857935 22.573890 0.161857 0.709343 0.001861 2.586670 1.205207 0.093368 0.334528 0.008329 0.005617 2.502237 1.041598 0.014384 0.181034 0.000344 0.002015 1.433314 1.081492 1.000408 1.000261 1.000000 1.000000
555.000000 91.677258 0.865992 21.836753 0.159283 0.740800 0.001852 2.569315 1.212653 0.091574 0.327095 0.008311 0.005537 2.463322 1.051088 0.014302 0.178128 0.000343 0.002005 1.429373 1.081883 1.000404 1.000254 1.000000 1.000000
555.500000 89.432419 0.874045 21.081320 0.156769 0.772322 0.001844 2.551833 1.220034 0.090018 0.319868 0.008291 0.005459 2.424774 1.060569 0.014222 0.175291 0.000343 0.001996 1.425393 1.082268 1.000400 1.000248 1.000000 1.000000
556.000000 87.248453 0.882146 20.330032 0.154316 0.803954 0.001836 2.534312 1.227436 0.088667 0.312850 0.008269 0.005383 2.386827 1.070103 0.014142 0.172523 0.000342 0.001987 1.421414 1.082651 1.000396 1.000241 1.000000 1.000000
556.500000 85.135105 0.890340 19.598910 0.151925 0.836023 0.001828 2.516931 1.234915 0.087481 0.306038 0.008245 0.005307 2.349707 1.079744 0.014063 0.169825 0.000341 0.001978 1.417475 1.083036 1.000392 1.000235 1.000000 1.000000
557.000000 83.102117 0.898648 18.899234 0.149599 0.868761 0.001820 2.499836 1.242511 0.086429 0.299438 0.008219 0.005234 2.313627 1.089522 0.013985 0.167200 0.000341 0.001969 1.413607 1.083425 1.000389 1.000229 1.000000 1.000000
557.500000 81.153646 0.907125 18.238426 0.147338 0.902792 0.001812 2.483208 1.250279 0.085476 0.293041 0.008193 0.005161 2.278743 1.099502 0.013908 0.164650 0.000340 0.001960 1.409842 1.083822 1.000385 1.000223 1.000000 1.000000
558.000000 79.302193 0.915818 17.626399 0.145146 0.938567 0.001804 2.467130 1.258312 0.084594 0.286860 0.008167 0.005090 2.245264 1.109742 0.013832 0.162176 0.000340 0.001951 1.406210 1.084232 1.000381 1.000217 1.000000 1.000000
558.500000 77.547758 0.924772 17.063897 0.143020 0.976781 0.001796 2.451706 1.266663 0.083761 0.280887 0.008140 0.005020 2.213254 1.120297 0.013757 0.159778 0.000339 0.001943 1.402729 1.084659 1.000377 1.000211 1.000000 1.000000
559.000000 75.887316 0.934029 16.548988 0.140960 1.018235 0.001788 2.437018 1.275374 0.082960 0.275111 0.008114 0.004952 2.182724 1.131219 0.013684 0.157455 0.000338 0.001934 1.399405 1.085106 1.000374 1.000206 1.000000 1.000000
559.500000 74.314070 0.943604 16.076134 0.138961 1.063249 0.001781 2.423008 1.284467 0.082189 0.269522 0.008089 0.004885 2.153566 1.142524 0.013611 0.155201 0.000338 0.001926 1.396226 1.085573 1.000370 1.000201 1.000000 1.000000
560.000000 72.818404 0.953456 15.636743 0.137023 1.111680 0.001773 2.409587 1.293888 0.081457 0.264116 0.008063 0.004819 2.125625 1.154163 0.013539 0.153015 0.000337 0.001917 1.393170 1.086057 1.000366 1.000196 1.000000 1.000000
560.500000 71.383659 0.963593 15.221138 0.135133 1.163139 0.001766 2.396527 1.303642 0.080778 0.258866 0.008036 0.004754 2.098570 1.166144 0.013468 0.150883 0.000337 0.001909 1.390195 1.086559 1.000363 1.000191 1.000000 1.000000
561.000000 69.996492 0.974007 14.821472 0.133286 1.217563 0.001758 2.383775 1.313689 0.080156 0.253750 0.008008 0.004691 2.072210 1.178455 0.013399 0.148801 0.000336 0.001901 1.387279 1.087077 1.000359 1.000187 1.000000 1.000000
561.500000 68.654779 0.984649 14.435489 0.131482 1.274156 0.001751 2.371227 1.323985 0.079599 0.248775 0.007979 0.004628 2.046475 1.191037 0.013330 0.146767 0.000335 0.001893 1.384405 1.087606 1.000356 1.000182 1.000000 1.000000
562.000000 67.347322 0.995503 14.057486 0.129715 1.332191 0.001744 2.358784 1.334491 0.079112 0.243922 0.007946 0.004566 2.021177 1.203870 0.013261 0.144775 0.000335 0.001885 1.381551 1.088145 1.000352 1.000178 1.000000 1.000000
562.500000 66.065015 1.006575 13.683912 0.127980 1.390721 0.001737 2.346319 1.345206 0.078702 0.239176 0.007911 0.004506 1.996132 1.216959 0.013194 0.142819 0.000334 0.001877 1.378693 1.088695 1.000349 1.000173 1.000000 1.000000
563.000000 64.804618 1.017804 13.312775 0.126277 1.448464 0.001730 2.333820 1.356045 0.078370 0.234535 0.007872 0.004446 1.971303 1.230232 0.013127 0.140899 0.000334 0.001869 1.375822 1.089249 1.000346 1.000169 1.000000 1.000000
563.500000 63.558858 1.029197 12.942204 0.124598 1.503593 0.001723 2.321111 1.367016 0.078122 0.229988 0.007830 0.004387 1.946509 1.243691 0.013061 0.139007 0.000333 0.001862 1.372915 1.089807 1.000342 1.000165 1.000000 1.000000
564.000000 62.323747 1.040696 12.570576 0.122946 1.554201 0.001716 2.308171 1.378036 0.077958 0.225530 0.007783 0.004329 1.921695 1.257269 0.012996 0.137145 0.000333 0.001854 1.369961 1.090366 1.000339 1.000161 1.000000 1.000000
564.500000 61.101972 1.052339 12.201464 0.121317 1.599736 0.001709 2.295036 1.389151 0.077866 0.221159 0.007732 0.004271 1.896914 1.271011 0.012931 0.135309 0.000332 0.001847 1.366971 1.090927 1.000336 1.000157 1.000000 1.000000
565.000000 59.899144 1.064121 11.838516 0.119717 1.639742 0.001702 2.281788 1.400363 0.077832 0.216882 0.007678 0.004215 1.872288 1.284912 0.012867 0.133505 0.000331 0.001839 1.363962 1.091490 1.000332 1.000153 1.000000 1.000000
565.500000 58.721369 1.076012 11.484869 0.118148 1.673782 0.001696 2.268513 1.411645 0.077845 0.212710 0.007622 0.004159 1.847952 1.298937 0.012804 0.131738 0.000331 0.001832 1.360950 1.092054 1.000329 1.000150 1.000000 1.000000
566.000000 57.566659 1.088091 11.141118 0.116607 1.702134 0.001689 2.255243 1.423080 0.077896 0.208628 0.007564 0.004104 1.823886 1.313181 0.012741 0.130001 0.000330 0.001825 1.357941 1.092624 1.000326 1.000146 1.000000 1.000000
566.500000 56.445441 1.100307 10.811483 0.115102 1.724967 0.001683 2.242074 1.434636 0.077972 0.204661 0.007505 0.004050 1.800296 1.327583 0.012679 0.128305 0.000330 0.001817 1.354958 1.093196 1.000323 1.000143 1.000000 1.000000
567.000000 55.355112 1.112713 10.495163 0.113629 1.742945 0.001676 2.229079 1.446356 0.078066 0.200792 0.007446 0.003997 1.777178 1.342209 0.012618 0.126647 0.000330 0.001810 1.352007 1.093775 1.000320 1.000139 1.000000 1.000000
567.500000 54.301661 1.125294 10.194441 0.112193 1.756488 0.001670 2.216297 1.458248 0.078169 0.197037 0.007387 0.003945 1.754641 1.357042 0.012557 0.125029 0.000329 0.001803 1.349103 1.094360 1.000317 1.000136 1.000000 1.000000
568.000000 53.288090 1.138061 9.910246 0.110796 1.766492 0.001663 2.203792 1.470339 0.078274 0.193398 0.007329 0.003894 1.732765 1.372096 0.012498 0.123455 0.000329 0.001796 1.346257 1.094951 1.000314 1.000133 1.000000 1.000000
568.500000 52.312182 1.151070 9.641576 0.109434 1.773786 0.001657 2.191603 1.482680 0.078378 0.189866 0.007271 0.003845 1.711533 1.387437 0.012438 0.121922 0.000328 0.001789 1.343472 1.095554 1.000311 1.000130 1.000000 1.000000
569.000000 51.375900 1.164321 9.388663 0.108110 1.779097 0.001651 2.179776 1.495281 0.078476 0.186442 0.007216 0.003796 1.691002 1.403069 0.012380 0.120430 0.000328 0.001782 1.340757 1.096167 1.000308 1.000127 1.000000 1.000000
569.500000 50.478791 1.177817 9.150789 0.106823 1.782824 0.001645 2.168329 1.508149 0.078568 0.183127 0.007162 0.003748 1.671179 1.418993 0.012322 0.118981 0.000327 0.001775 1.338114 1.096792 1.000305 1.000124 1.000000 1.000000
570.000000 49.617734 1.191585 8.926621 0.105570 1.784930 0.001638 2.157210 1.521315 0.078653 0.179914 0.007109 0.003701 1.651996 1.435242 0.012264 0.117571 0.000326 0.001769 1.335536 1.097431 1.000302 1.000121 1.000000 1.000000
570.500000 48.786498 1.205650 8.713628 0.104347 1.784949 0.001632 2.146366 1.534794 0.078737 0.176787 0.007058 0.003654 1.633338 1.451846 0.012208 0.116194 0.000326 0.001762 1.333009 1.098083 1.000299 1.000118 1.000000 1.000000
571.000000 47.985449 1.219971 8.511510 0.103155 1.782698 0.001626 2.135767 1.548548 0.078819 0.173751 0.007009 0.003609 1.615208 1.468753 0.012152 0.114851 0.000325 0.001755 1.330533 1.098747 1.000296 1.000116 1.000000 1.000000
571.500000 47.207818 1.234620 8.317865 0.101987 1.778034 0.001620 2.125393 1.562628 0.078905 0.170788 0.006962 0.003565 1.597492 1.486050 0.012096 0.113537 0.000325 0.001749 1.328095 1.099427 1.000293 1.000113 1.000000 1.000000
572.000000 46.454049 1.249570 8.132710 0.100844 1.770820 0.001614 2.115196 1.577023 0.078992 0.167900 0.006917 0.003521 1.580180 1.503704 0.012041 0.112251 0.000324 0.001742 1.325695 1.100121 1.000291 1.000111 1.000000 1.000000
572.500000 45.719660 1.264862 7.954530 0.099723 1.760780 0.001609 2.105136 1.591760 0.079085 0.165077 0.006875 0.003478 1.563188 1.521762 0.011987 0.110989 0.000324 0.001736 1.323321 1.100831 1.000288 1.000108 1.000000 1.000000
573.000000 45.003322 1.280486 7.782702 0.098622 1.747817 0.001603 2.095196 1.606825 0.079184 0.162316 0.006836 0.003435 1.546492 1.540212 0.011933 0.109750 0.000323 0.001729 1.320972 1.101556 1.000285 1.000106 1.000000 1.000000
573.500000 44.302251 1.296483 7.616419 0.097538 1.731844 0.001597 2.085336 1.622255 0.079290 0.159610 0.006799 0.003393 1.530031 1.559102 0.011880 0.108531 0.000323 0.001723 1.318640 1.102298 1.000283 1.000104 1.000000 1.000000
574.000000 43.614797 1.312853 7.455073 0.096472 1.712759 0.001591 2.075533 1.638044 0.079406 0.156956 0.006765 0.003352 1.513772 1.578429 0.011827 0.107330 0.000322 0.001716 1.316321 1.103057 1.000280 1.000101 1.000000 1.000000
574.500000 42.938811 1.329620 7.297934 0.095420 1.690602 0.001586 2.065783 1.654202 0.079532 0.154347 0.006735 0.003311 1.497681 1.598224 0.011775 0.106147 0.000322 0.001710 1.314011 1.103833 1.000277 1.000099 1.000000 1.000000
575.000000 42.275804 1.346756 7.145455 0.094384 1.665724 0.001580 2.056068 1.670714 0.079666 0.151789 0.006708 0.003271 1.481778 1.618453 0.011723 0.104981 0.000321 0.001704 1.311711 1.104626 1.000275 1.000097 1.000000 1.000000
575.500000 41.624376 1.364302 6.997293 0.093363 1.638372 0.001575 2.046366 1.687619 0.079809 0.149277 0.006684 0.003231 1.466033 1.639161 0.011672 0.103832 0.000321 0.001698 1.309419 1.105436 1.000272 1.000095 1.000000 1.000000
576.000000 40.985310 1.382176 6.853233 0.092358 1.608775 0.001569 2.036727 1.704814 0.079959 0.146816 0.006664 0.003192 1.450486 1.660254 0.011622 0.102702 0.000321 0.001692 1.307137 1.106259 1.000270 1.000093 1.000000 1.000000
576.500000 40.358378 1.400414 6.713363 0.091370 1.577385 0.001564 2.027128 1.722345 0.080115 0.144404 0.006646 0.003154 1.435124 1.681774 0.011572 0.101590 0.000320 0.001686 1.304866 1.107095 1.000267 1.000091 1.000000 1.000000
577.000000 39.744074 1.418969 6.577598 0.090398 1.544529 0.001559 2.017593 1.740156 0.080276 0.142042 0.006632 0.003116 1.419970 1.703665 0.011523 0.100497 0.000320 0.001680 1.302608 1.107943 1.000265 1.000089 1.000000 1.000000
577.500000 39.140992 1.437891 6.445678 0.089442 1.510456 0.001553 2.008089 1.758300 0.080443 0.139727 0.006621 0.003078 1.404987 1.725984 0.011474 0.099422 0.000319 0.001674 1.300358 1.108805 1.000262 1.000087 1.000000 1.000000
578.000000 38.550909 1.457055 6.317717 0.088504 1.475467 0.001548 1.998654 1.776639 0.080614 0.137465 0.006613 0.003041 1.390229 1.748587 0.011425 0.098367 0.000319 0.001669 1.298122 1.109672 1.000260 1.000085 1.000000 1.000000
578.500000 37.973355 1.476505 6.193742 0.087583 1.439963 0.001543 1.989260 1.795230 0.080786 0.135253 0.006608 0.003005 1.375676 1.771522 0.011377 0.097330 0.000318 0.001663 1.295899 1.110547 1.000257 1.000083 1.000000 1.000000
579.000000 37.407655 1.496225 6.073424 0.086678 1.404128 0.001538 1.979925 1.814043 0.080961 0.133091 0.006605 0.002970 1.361328 1.794771 0.011330 0.096313 0.000318 0.001657 1.293689 1.111429 1.000255 1.000082 1.000000 1.000000
579.500000 36.853686 1.516182 5.956631 0.085790 1.368155 0.001533 1.970650 1.833039 0.081138 0.130977 0.006604 0.002934 1.347186 1.818296 0.011283 0.095315 0.000318 0.001652 1.291491 1.112316 1.000253 1.000080 1.000000 1.000000
580.000000 36.313675 1.536271 5.843869 0.084921 1.332441 0.001528 1.961421 1.852133 0.081313 0.128920 0.006605 0.002900 1.333292 1.841970 0.011236 0.094338 0.000317 0.001646 1.289311 1.113200 1.000250 1.000078 1.000000 1.000000
580.500000 35.783945 1.556643 5.734182 0.084067 1.297018 0.001523 1.952277 1.871443 0.081490 0.126904 0.006608 0.002866 1.319588 1.865976 0.011190 0.093378 0.000317 0.001641 1.287144 1.114091 1.000248 1.000076 1.000000 1.000000
581.000000 35.266652 1.577262 5.628175 0.083230 1.262331 0.001518 1.943201 1.890963 0.081666 0.124936 0.006612 0.002833 1.306109 1.890267 0.011144 0.092436 0.000316 0.001635 1.284995 1.114987 1.000246 1.000075 1.000000 1.000000
581.500000 34.761364 1.598146 5.525661 0.082408 1.228504 0.001513 1.934211 1.910705 0.081840 0.123014 0.006618 0.002800 1.292856 1.914868 0.011098 0.091512 0.000316 0.001630 1.282865 1.115890 1.000243 1.000073 1.000000 1.000000
582.000000 34.267174 1.619376 5.426488 0.081600 1.195644 0.001508 1.925297 1.930756 0.082013 0.121133 0.006625 0.002768 1.279807 1.939873 0.011053 0.090605 0.000315 0.001624 1.280754 1.116803 1.000241 1.000072 1.000000 1.000000
582.500000 33.783890 1.640980 5.330516 0.080807 1.163841 0.001503 1.916486 1.951137 0.082185 0.119290 0.006633 0.002736 1.266967 1.965316 0.011009 0.089712 0.000315 0.001619 1.278662 1.117729 1.000239 1.000070 1.000000 1.000000
583.000000 33.312526 1.662922 5.237883 0.080028 1.133234 0.001498 1.907795 1.971818 0.082355 0.117489 0.006643 0.002704 1.254366 1.991155 0.010964 0.088837 0.000315 0.001614 1.276594 1.118666 1.000237 1.000069 1.000000 1.000000
583.500000 32.851894 1.685303 5.148343 0.079262 1.103810 0.001493 1.899221 1.992898 0.082524 0.115725 0.006653 0.002673 1.241976 2.017510 0.010920 0.087977 0.000314 0.001608 1.274548 1.119619 1.000234 1.000068 1.000000 1.000000
584.000000 32.401891 1.708235 5.062029 0.078508 1.075687 0.001489 1.890732 2.014521 0.082691 0.113996 0.006664 0.002643 1.229782 2.044512 0.010877 0.087129 0.000314 0.001603 1.272523 1.120595 1.000232 1.000066 1.000000 1.000000
584.500000 31.962861 1.731648 4.978705 0.077768 1.048800 0.001484 1.882392 2.036583 0.082857 0.112303 0.006676 0.002613 1.217818 2.072081 0.010834 0.086297 0.000313 0.001598 1.270524 1.121590 1.000230 1.000065 1.000000 1.000000
585.000000 31.534562 1.755640 4.898427 0.077039 1.023192 0.001479 1.874172 2.059209 0.083021 0.110644 0.006689 0.002584 1.206068 2.100330 0.010792 0.085479 0.000313 0.001593 1.268550 1.122609 1.000228 1.000064 1.000000 1.000000
585.500000 31.116367 1.780250 4.820944 0.076323 0.998776 0.001475 1.866092 2.082422 0.083185 0.109017 0.006702 0.002555 1.194526 2.129309 0.010749 0.084674 0.000313 0.001588 1.266599 1.123656 1.000226 1.000062 1.000000 1.000000
586.000000 30.708722 1.805493 4.746354 0.075618 0.975575 0.001470 1.858138 2.106256 0.083346 0.107424 0.006716 0.002526 1.183199 2.159032 0.010708 0.083882 0.000312 0.001583 1.264674 1.124729 1.000224 1.000061 1.000000 1.000000
586.500000 30.310620 1.831390 4.674343 0.074925 0.953436 0.001466 1.850308 2.130716 0.083507 0.105861 0.006731 0.002498 1.172068 2.189525 0.010666 0.083104 0.000312 0.001578 1.262772 1.125831 1.000222 1.000060 1.000000 1.000000
587.000000 29.921724 1.857955 4.604776 0.074243 0.932290 0.001461 1.842603 2.155811 0.083668 0.104329 0.006747 0.002470 1.161128 2.220805 0.010625 0.082337 0.000311 0.001573 1.260892 1.126960 1.000220 1.000059 1.000000 1.000000
587.500000 29.541775 1.885211 4.537562 0.073571 0.912091 0.001457 1.835015 2.181567 0.083829 0.102827 0.006763 0.002442 1.150374 2.252898 0.010585 0.081583 0.000311 0.001568 1.259034 1.128119 1.000218 1.000057 1.000000 1.000000
588.000000 29.171935 1.913055 4.472819 0.072913 0.892863 0.001453 1.827556 2.207887 0.083987 0.101359 0.006780 0.002415 1.139838 2.285683 0.010545 0.080843 0.000311 0.001563 1.257200 1.129301 1.000216 1.000056 1.000000 1.000000
588.500000 28.810468 1.941589 4.410169 0.072265 0.874452 0.001448 1.820219 2.234853 0.084145 0.099919 0.006797 0.002389 1.129482 2.319280 0.010505 0.080115 0.000310 0.001558 1.255388 1.130511 1.000214 1.000055 1.000000 1.000000
589.000000 28.457775 1.970794 4.349684 0.071627 0.856869 0.001444 1.812986 2.262463 0.084302 0.098510 0.006814 0.002363 1.119310 2.353666 0.010466 0.079399 0.000310 0.001553 1.253597 1.131748 1.000212 1.000054 1.000000 1.000000
589.500000 28.113060 2.000680 4.291084 0.071001 0.840004 0.001440 1.805882 2.290699 0.084460 0.097128 0.006832 0.002337 1.109318 2.388855 0.010427 0.078696 0.000310 0.001549 1.251826 1.133012 1.000210 1.000053 1.000000 1.000000
590.000000 27.777235 2.031230 4.234608 0.070386 0.823934 0.001435 1.798870 2.319582 0.084614 0.095778 0.006851 0.002311 1.099513 2.424823 0.010388 0.078005 0.000309 0.001544 1.250077 1.134302 1.000208 1.000052 1.000000 1.000000
590.500000 27.449008 2.062483 4.179897 0.069781 0.808516 0.001431 1.791970 2.349115 0.084769 0.094455 0.006870 0.002286 1.089878 2.461617 0.010349 0.077326 0.000309 0.001539 1.248348 1.135619 1.000206 1.000051 1.000000 1.000000
591.000000 27.128494 2.094409 4.126930 0.069187 0.793736 0.001427 1.785179 2.379274 0.084922 0.093159 0.006889 0.002262 1.080415 2.499204 0.010311 0.076658 0.000308 0.001535 1.246639 1.136961 1.000204 1.000050 1.000000 1.000000
591.500000 26.815358 2.127065 4.075673 0.068602 0.779573 0.001423 1.778475 2.410123 0.085075 0.091891 0.006909 0.002238 1.071112 2.537648 0.010274 0.076002 0.000308 0.001530 1.244948 1.138331 1.000203 1.000049 1.000000 1.000000
592.000000 26.509463 2.160405 4.026000 0.068028 0.765975 0.001419 1.771878 2.441599 0.085227 0.090649 0.006929 0.002214 1.061974 2.576896 0.010236 0.075357 0.000308 0.001526 1.243276 1.139727 1.000201 1.000048 1.000000 1.000000
592.500000 26.210065 2.194544 3.977836 0.067462 0.752913 0.001415 1.765358 2.473826 0.085378 0.089431 0.006949 0.002190 1.052977 2.617081 0.010199 0.074722 0.000307 0.001521 1.241621 1.141153 1.000199 1.000047 1.000000 1.000000
593.000000 25.916879 2.229468 3.931059 0.066905 0.740337 0.001411 1.758925 2.506775 0.085531 0.088237 0.006970 0.002167 1.044119 2.658189 0.010162 0.074098 0.000307 0.001517 1.239981 1.142608 1.000197 1.000046 1.000000 1.000000
593.500000 25.629740 2.265171 3.885599 0.066358 0.728217 0.001406 1.752583 2.540432 0.085684 0.087065 0.006991 0.002144 1.035399 2.700212 0.010125 0.073483 0.000307 0.001512 1.238358 1.144093 1.000195 1.000045 1.000000 1.000000
594.000000 25.347812 2.301816 3.841381 0.065817 0.716527 0.001402 1.746304 2.574965 0.085838 0.085913 0.007013 0.002122 1.026789 2.743339 0.010089 0.072876 0.000306 0.001508 1.236748 1.145614 1.000194 1.000045 1.000000 1.000000
594.500000 25.071523 2.339269 3.798366 0.065285 0.705247 0.001399 1.740108 2.610226 0.085994 0.084783 0.007035 0.002099 1.018310 2.787415 0.010053 0.072279 0.000306 0.001503 1.235153 1.147164 1.000192 1.000044 1.000000 1.000000
595.000000 24.800255 2.377638 3.756476 0.064760 0.694348 0.001395 1.733983 2.646320 0.086151 0.083673 0.007058 0.002078 1.009942 2.832565 0.010018 0.071690 0.000305 0.001499 1.233570 1.148749 1.000190 1.000043 1.000000 1.000000
595.500000 24.534005 2.416949 3.715723 0.064243 0.683832 0.001391 1.727915 2.683285 0.086310 0.082582 0.007081 0.002056 1.001683 2.878820 0.009982 0.071110 0.000305 0.001495 1.232001 1.150368 1.000189 1.000042 1.000000 1.000000
596.000000 24.272265 2.457210 3.675955 0.063733 0.673644 0.001387 1.721917 2.721096 0.086471 0.081510 0.007104 0.002035 0.993526 2.926189 0.009947 0.070537 0.000305 0.001490 1.230443 1.152022 1.000187 1.000041 1.000000 1.000000
596.500000 24.014475 2.498561 3.637111 0.063229 0.663766 0.001383 1.715981 2.759889 0.086636 0.080453 0.007129 0.002013 0.985456 2.974836 0.009913 0.069972 0.000304 0.001486 1.228895 1.153718 1.000185 1.000041 1.000000 1.000000
597.000000 23.761153 2.540904 3.599235 0.062732 0.654207 0.001379 1.710108 2.799571 0.086803 0.079414 0.007154 0.001993 0.977488 3.024645 0.009878 0.069414 0.000304 0.001482 1.227360 1.155449 1.000184 1.000040 1.000000 1.000000
597.500000 23.512096 2.584277 3.562278 0.062241 0.644952 0.001375 1.704299 2.840171 0.086973 0.078393 0.007179 0.001972 0.969617 3.075663 0.009844 0.068864 0.000304 0.001478 1.225835 1.157217 1.000182 1.000039 1.000000 1.000000
598.000000 23.267006 2.628785 3.526228 0.061757 0.635995 0.001372 1.698538 2.881798 0.087145 0.077387 0.007205 0.001952 0.961832 3.128008 0.009811 0.068320 0.000303 0.001474 1.224321 1.159027 1.000180 1.000038 1.000000 1.000000
598.500000 23.026473 2.674251 3.491087 0.061280 0.627333 0.001368 1.692845 2.924267 0.087318 0.076400 0.007232 0.001932 0.954155 3.181476 0.009777 0.067785 0.000303 0.001470 1.222819 1.160869 1.000179 1.000038 1.000000 1.000000
599.000000 22.790365 2.720715 3.456837 0.060810 0.618960 0.001364 1.687214 2.967616 0.087492 0.075431 0.007259 0.001912 0.946583 3.236112 0.009744 0.067258 0.000303 0.001466 1.221330 1.162744 1.000177 1.000037 1.000000 1.000000
599.500000 22.557676 2.768376 3.423315 0.060346 0.610825 0.001361 1.681657 3.012003 0.087671 0.074476 0.007286 0.001892 0.939094 3.292152 0.009711 0.066737 0.000302 0.001462 1.219851 1.164662 1.000176 1.000036 1.000000 1.000000
600.000000 22.329769 2.816974 3.390734 0.059889 0.602989 0.001357 1.676143 3.057233 0.087848 0.073541 0.007314 0.001873 0.931716 3.349285 0.009679 0.066225 0.000302 0.001458 1.218385 1.166609 1.000174 1.000036 1.000000 1.000000
